3.400000000000000000e+01 nan 0.000000000000000000e+00
3.400000000000000000e+01 nan 0.000000000000000000e+00
3.400000000000000000e+01 nan 0.000000000000000000e+00
3.400000000000000000e+01 nan 0.000000000000000000e+00
3.400000000000000000e+01 nan 0.000000000000000000e+00
3.400000000000000000e+01 nan 0.000000000000000000e+00
3.400000000000000000e+01 nan 0.000000000000000000e+00
3.400000000000000000e+01 nan 0.000000000000000000e+00
3.400000000000000000e+01 nan 0.000000000000000000e+00
3.400000000000000000e+01 -8.155810927781546038e-01 2.917005951708396144e-13
3.400000000000000000e+01 -3.315995976468168009e-03 4.262382440265147926e-02
3.400000000000000000e+01 -3.315996101883056987e-03 4.262382440266297007e-02
3.400000000000000000e+01 -8.663242084261512516e-03 5.286887410841756285e-02
3.400000000000000000e+01 -8.663242089390574621e-03 5.286887410833859130e-02
3.400000000000000000e+01 -7.015125734073099980e-05 9.753675573616531480e+00
3.400000000000000000e+01 -1.325790642549248865e-04 7.899364077738152190e+00
3.400000000000000000e+01 -1.048524849903046763e-04 1.328138463612487463e+01
3.400000000000000000e+01 -1.095620249230110348e-04 1.476394036752126127e+01
3.400000000000000000e+01 -1.000000000000000000e+00 2.198584122467411167e-03
3.400000000000000000e+01 -4.650419954018662066e-04 6.146865506661955969e+00
3.400000000000000000e+01 -1.273346579709727817e-02 1.484635061839024672e+01
3.400000000000000000e+01 -1.710133186668644223e-02 1.201795048072833794e+01
3.400000000000000000e+01 -2.760465806763042970e-02 8.677732141378701414e+00
3.400000000000000000e+01 -3.846243415350789757e-02 6.557523859330728122e+00
3.400000000000000000e+01 -1.037815847880830394e-01 2.834722617755159657e+00
3.400000000000000000e+01 -1.168831062008793831e-01 3.459660453506048672e+00
3.400000000000000000e+01 -5.732305268215533989e-01 1.598699729576524620e+00
3.400000000000000000e+01 -1.000000000000000000e+00 1.735162458169000832e+00
3.400000000000000000e+01 -1.000000000000000000e+00 2.513188221941055289e+00
3.400000000000000000e+01 -1.000000000000000000e+00 2.533495388531459280e+00
3.400000000000000000e+01 -1.000000000000000000e+00 3.522755719574819810e+00
3.400000000000000000e+01 -1.000000000000000000e+00 4.346419774622383159e+00
3.400000000000000000e+01 -1.000000000000000000e+00 5.062147996680392836e+00
3.400000000000000000e+01 -6.316007490882197262e-01 8.082158614401171448e+00
3.400000000000000000e+01 -6.859493645426566477e-01 8.027269343011409930e+00
3.400000000000000000e+01 -1.000000000000000000e+00 5.901414321230634030e+00
3.400000000000000000e+01 -7.280834454603276606e-01 8.255173277516199448e+00
3.400000000000000000e+01 -1.000000000000000000e+00 6.507421806469978698e+00
3.400000000000000000e+01 -1.000000000000000000e+00 6.546401996266028256e+00
3.400000000000000000e+01 -8.059432292448452939e-01 8.651258967981215520e+00
3.400000000000000000e+01 -9.972868936964475184e-01 7.311819424973862169e+00
3.400000000000000000e+01 -1.000000000000000000e+00 7.956860103936829631e+00
4.200000000000000000e+01 nan 0.000000000000000000e+00
4.200000000000000000e+01 nan 0.000000000000000000e+00
4.200000000000000000e+01 nan 0.000000000000000000e+00
4.200000000000000000e+01 nan 0.000000000000000000e+00
4.200000000000000000e+01 nan 0.000000000000000000e+00
4.200000000000000000e+01 nan 0.000000000000000000e+00
4.200000000000000000e+01 nan 0.000000000000000000e+00
4.200000000000000000e+01 nan 0.000000000000000000e+00
4.200000000000000000e+01 nan 0.000000000000000000e+00
4.200000000000000000e+01 -9.992410096104175077e-01 2.851941590850427490e-13
4.200000000000000000e+01 -3.029004265802665539e-03 3.461655036818248043e-02
4.200000000000000000e+01 -3.029004397648644986e-03 3.461655036820009135e-02
4.200000000000000000e+01 -2.969075521469809447e-03 4.353831002546213608e-02
4.200000000000000000e+01 -2.969075528426155103e-03 4.353831002544324841e-02
4.200000000000000000e+01 -5.804196150567936501e-05 9.778894050973827134e+00
4.200000000000000000e+01 -1.170054125437381662e-04 7.912309206954544649e+00
4.200000000000000000e+01 -8.809801372743701598e-05 1.334523953589631518e+01
4.200000000000000000e+01 -1.000000000000000000e+00 1.281904589746523260e-03
4.200000000000000000e+01 -9.050985028974639201e-05 1.485158368670945528e+01
4.200000000000000000e+01 -4.898197997542454206e-04 6.154255239539896394e+00
4.200000000000000000e+01 -4.299166077444845774e-02 2.494251858788967713e+00
4.200000000000000000e+01 -1.545169135094446450e-02 1.496175594265208453e+01
4.200000000000000000e+01 -2.209764419737405769e-02 1.209015245271409356e+01
4.200000000000000000e+01 -3.672077149533969215e-02 8.737467054379205678e+00
4.200000000000000000e+01 -5.334280541033757650e-02 6.521297017255135664e+00
4.200000000000000000e+01 -1.535688420763713646e-01 3.506411603802327637e+00
4.200000000000000000e+01 -6.324896306501280874e-01 2.339950627363524216e+00
4.200000000000000000e+01 -1.000000000000000000e+00 2.121297933784326961e+00
4.200000000000000000e+01 -1.000000000000000000e+00 2.933629596543135154e+00
4.200000000000000000e+01 -1.000000000000000000e+00 3.130978692128031149e+00
4.200000000000000000e+01 -1.000000000000000000e+00 4.360441802201854955e+00
4.200000000000000000e+01 -1.000000000000000000e+00 5.304781034239711701e+00
4.200000000000000000e+01 -1.000000000000000000e+00 6.206829030206821862e+00
4.200000000000000000e+01 -6.509434534818708817e-01 9.810053721277439465e+00
4.200000000000000000e+01 -6.959456644599228969e-01 9.951881589429158126e+00
4.200000000000000000e+01 -1.000000000000000000e+00 7.048736551232383185e+00
3.800000000000000000e+01 9.994269886122111313e-01 3.063569433528226170e-13
3.800000000000000000e+01 nan 0.000000000000000000e+00
3.800000000000000000e+01 nan 0.000000000000000000e+00
3.800000000000000000e+01 nan 0.000000000000000000e+00
3.800000000000000000e+01 nan 0.000000000000000000e+00
3.800000000000000000e+01 nan 0.000000000000000000e+00
3.800000000000000000e+01 nan 0.000000000000000000e+00
3.800000000000000000e+01 nan 0.000000000000000000e+00
3.800000000000000000e+01 nan 0.000000000000000000e+00
3.800000000000000000e+01 nan 0.000000000000000000e+00
3.800000000000000000e+01 -3.157524420970697632e-03 3.820728579864028640e-02
3.800000000000000000e+01 -3.157524474215714534e-03 3.820728579867873481e-02
3.800000000000000000e+01 -5.317468978236129795e-03 4.768890894728706337e-02
3.800000000000000000e+01 -5.317468988032008313e-03 4.768890894731445812e-02
3.800000000000000000e+01 -6.345297586646305170e-05 9.768238704960953811e+00
3.800000000000000000e+01 -1.249479799592089488e-04 7.906888504451175415e+00
3.800000000000000000e+01 -9.566387477223236169e-05 1.331819738226872119e+01
3.800000000000000000e+01 -9.911030071655313120e-05 1.481442816778969274e+01
3.800000000000000000e+01 -1.000000000000000000e+00 1.649582208764731545e-03
3.800000000000000000e+01 -4.887563350865705997e-04 6.151041035828272996e+00
3.800000000000000000e+01 -1.398256432966757043e-02 1.491064259833552796e+01
3.800000000000000000e+01 -1.947501125182621654e-02 1.205804946028995950e+01
3.800000000000000000e+01 -9.500922017990794111e-02 2.653427987540903032e+00
3.800000000000000000e+01 -3.204543789836183237e-02 8.709230024300584461e+00
3.800000000000000000e+01 -4.559126503231283878e-02 6.542105388414905853e+00
3.800000000000000000e+01 -1.351393857054762337e-01 3.483208895438042685e+00
3.800000000000000000e+01 -5.862432981536308541e-01 1.946867557878991351e+00
3.800000000000000000e+01 -1.000000000000000000e+00 1.930506374010030113e+00
3.800000000000000000e+01 -1.000000000000000000e+00 2.747420273606132390e+00
3.800000000000000000e+01 -1.000000000000000000e+00 2.820209225929676933e+00
3.800000000000000000e+01 -1.000000000000000000e+00 3.940744019652442809e+00
3.800000000000000000e+01 -1.000000000000000000e+00 4.826559837162166744e+00
3.800000000000000000e+01 -1.000000000000000000e+00 5.637595351146358347e+00
3.800000000000000000e+01 -6.435459254422876141e-01 8.955448468375795557e+00
3.800000000000000000e+01 -6.923161724011264173e-01 8.983177172981541503e+00
3.800000000000000000e+01 -1.000000000000000000e+00 6.446147918029022428e+00
3.800000000000000000e+01 -7.466044264593653113e-01 9.403138551962056724e+00
3.800000000000000000e+01 -1.000000000000000000e+00 7.266709813790003025e+00
3.800000000000000000e+01 -1.000000000000000000e+00 7.555210710789379114e+00
4.600000000000000000e+01 2.473920330449297725e-02 2.427839405962624042e+00
4.600000000000000000e+01 9.729110762992904116e-01 1.203032991700175443e-13
4.600000000000000000e+01 nan 0.000000000000000000e+00
4.600000000000000000e+01 nan 0.000000000000000000e+00
4.600000000000000000e+01 nan 0.000000000000000000e+00
4.600000000000000000e+01 nan 0.000000000000000000e+00
4.600000000000000000e+01 nan 0.000000000000000000e+00
4.600000000000000000e+01 nan 0.000000000000000000e+00
4.600000000000000000e+01 nan 0.000000000000000000e+00
4.600000000000000000e+01 nan 0.000000000000000000e+00
4.600000000000000000e+01 nan 0.000000000000000000e+00
4.600000000000000000e+01 -1.295603519315679207e-03 4.016206843573472129e-02
4.600000000000000000e+01 -1.295603527573204296e-03 4.016206843572905222e-02
4.600000000000000000e+01 -2.939579642496751438e-03 3.161411779630224350e-02
4.600000000000000000e+01 -2.939579756648405713e-03 3.161411779632457980e-02
4.600000000000000000e+01 -5.358577018106340512e-05 9.786916671720124583e+00
4.600000000000000000e+01 -1.087500831015668882e-04 7.916322165388028687e+00
4.600000000000000000e+01 -1.000000000000000000e+00 1.025158103789084287e-03
4.600000000000000000e+01 -8.176568503070869953e-05 1.336567338144500994e+01
4.600000000000000000e+01 -8.331923690456149913e-05 1.487969184564794567e+01
4.600000000000000000e+01 -4.669706156850898077e-04 6.156777376996328321e+00
4.600000000000000000e+01 -1.709750491031706079e-02 1.500348548929072301e+01
4.600000000000000000e+01 -2.491901313800741827e-02 1.211650831073898438e+01
4.600000000000000000e+01 -4.157477432089264069e-02 8.763324317001011110e+00
4.600000000000000000e+01 -6.170179512217135315e-02 6.495503752084282212e+00
4.600000000000000000e+01 -1.721037347085008218e-01 3.529443452294414030e+00
4.600000000000000000e+01 -6.870417600905784905e-01 2.698739382256756247e+00
4.600000000000000000e+01 -1.000000000000000000e+00 2.308164413998346376e+00
4.600000000000000000e+01 -1.000000000000000000e+00 3.087878521374600727e+00
4.600000000000000000e+01 -1.000000000000000000e+00 3.444680826051335298e+00
4.600000000000000000e+01 -1.000000000000000000e+00 4.781894111961139338e+00
4.600000000000000000e+01 -1.000000000000000000e+00 5.782445014963382590e+00
4.600000000000000000e+01 -1.000000000000000000e+00 6.770494776931498038e+00
4.600000000000000000e+01 -6.554849795828140424e-01 1.067567515809386691e+01
4.600000000000000000e+01 -6.993230204377114401e-01 1.093588305970559205e+01
4.600000000000000000e+01 -1.000000000000000000e+00 7.674093960496483291e+00
4.800000000000000000e+01 5.613980475062341213e-02 2.416116800156704159e+00
4.800000000000000000e+01 8.599349683618631168e-01 5.917758525433292670e-14
4.800000000000000000e+01 nan 0.000000000000000000e+00
4.800000000000000000e+01 nan 0.000000000000000000e+00
4.800000000000000000e+01 nan 0.000000000000000000e+00
4.800000000000000000e+01 nan 0.000000000000000000e+00
4.800000000000000000e+01 nan 0.000000000000000000e+00
4.800000000000000000e+01 nan 0.000000000000000000e+00
4.800000000000000000e+01 nan 0.000000000000000000e+00
4.800000000000000000e+01 nan 0.000000000000000000e+00
4.800000000000000000e+01 nan 0.000000000000000000e+00
4.800000000000000000e+01 -6.489670033470008132e-04 3.871510539429703218e-02
4.800000000000000000e+01 -6.489670350236914891e-04 3.871510539433536263e-02
4.800000000000000000e+01 -2.918883166311218424e-03 3.027408858984655809e-02
4.800000000000000000e+01 -2.918883201614607108e-03 3.027408858981661677e-02
4.800000000000000000e+01 -5.163659068424686106e-05 9.790216205714871833e+00
4.800000000000000000e+01 -1.045165009082898902e-04 7.917943295121722791e+00
4.800000000000000000e+01 -1.000000000000000000e+00 9.253597845248774092e-04
4.800000000000000000e+01 -7.896669667872464079e-05 1.337406249458937069e+01
4.800000000000000000e+01 -8.015019131611182093e-05 1.489125214561848587e+01
4.800000000000000000e+01 -4.471255640348876289e-04 6.157839362200524747e+00
4.800000000000000000e+01 -1.797387698821702531e-02 1.502174765831474090e+01
4.800000000000000000e+01 -2.639475823756934000e-02 1.212807002898875552e+01
4.800000000000000000e+01 -4.405753071027617568e-02 8.775534328144170004e+00
4.800000000000000000e+01 -6.610222367961711420e-02 6.480868300636618784e+00
4.800000000000000000e+01 -1.813944658897398421e-01 3.541107029584443122e+00
4.800000000000000000e+01 -7.108031636257099439e-01 2.868353461103819946e+00
4.800000000000000000e+01 -1.000000000000000000e+00 2.400262065078823781e+00
4.800000000000000000e+01 -1.000000000000000000e+00 3.151577381082395490e+00
4.800000000000000000e+01 -1.000000000000000000e+00 3.602473606635711700e+00
4.800000000000000000e+01 -1.000000000000000000e+00 4.993307069040587187e+00
4.800000000000000000e+01 -1.000000000000000000e+00 6.021456545686582729e+00
4.800000000000000000e+01 -1.000000000000000000e+00 7.050372590476360557e+00
4.800000000000000000e+01 -6.570727684048834893e-01 1.111482007956070994e+01
3.200000000000000000e+01 9.883481424676819893e-01 2.128204363382995213e-13
3.200000000000000000e+01 nan 0.000000000000000000e+00
3.200000000000000000e+01 nan 0.000000000000000000e+00
3.200000000000000000e+01 nan 0.000000000000000000e+00
3.200000000000000000e+01 nan 0.000000000000000000e+00
3.200000000000000000e+01 nan 0.000000000000000000e+00
3.200000000000000000e+01 nan 0.000000000000000000e+00
3.200000000000000000e+01 nan 0.000000000000000000e+00
3.200000000000000000e+01 nan 0.000000000000000000e+00
3.200000000000000000e+01 nan 0.000000000000000000e+00
3.200000000000000000e+01 -3.412638091566862989e-03 4.523907557612304176e-02
3.200000000000000000e+01 -3.412638190258021967e-03 4.523907557612381891e-02
3.200000000000000000e+01 -1.086899119277026822e-02 5.596129361261725083e-02
3.200000000000000000e+01 -1.086899119980444701e-02 5.596129361261057561e-02
3.200000000000000000e+01 -7.410785871267038850e-05 9.744301485478555236e+00
3.200000000000000000e+01 -1.363300700466981688e-04 7.894474492979640878e+00
3.200000000000000000e+01 -1.102092604784752977e-04 1.325778758978534100e+01
3.200000000000000000e+01 -1.156702056890983717e-04 1.473163182688429984e+01
3.200000000000000000e+01 -1.000000000000000000e+00 2.578836547715403996e-03
3.200000000000000000e+01 -4.459359485870464284e-04 6.144268863050546869e+00
3.200000000000000000e+01 -1.220768962656804298e-02 1.480740693849618594e+01
3.200000000000000000e+01 -1.603006186353048840e-02 1.199385141470583704e+01
3.200000000000000000e+01 -2.549481774040713439e-02 8.660362744587105865e+00
3.200000000000000000e+01 -3.513221169669484417e-02 6.563056286175359411e+00
3.200000000000000000e+01 -9.923196909995031512e-02 2.906542121869792439e+00
3.200000000000000000e+01 -1.078521147573696243e-01 3.447625156638469246e+00
3.200000000000000000e+01 -5.737948935134882245e-01 1.454107046269821568e+00
3.200000000000000000e+01 -1.000000000000000000e+00 1.635460458995921407e+00
3.200000000000000000e+01 -1.000000000000000000e+00 2.361451590582436477e+00
3.200000000000000000e+01 -1.000000000000000000e+00 2.417297345067695780e+00
3.200000000000000000e+01 -1.000000000000000000e+00 3.314399278673445082e+00
3.200000000000000000e+01 -1.000000000000000000e+00 4.105499127145550098e+00
3.200000000000000000e+01 -6.243018898346885948e-01 7.619363495794360119e+00
3.200000000000000000e+01 -1.000000000000000000e+00 4.772162315484791861e+00
3.200000000000000000e+01 -6.797208437245618740e-01 7.540355795196356681e+00
3.200000000000000000e+01 -7.210183276694983601e-01 7.692895170439323138e+00
3.200000000000000000e+01 -1.000000000000000000e+00 5.696564746241584487e+00
3.200000000000000000e+01 -1.000000000000000000e+00 5.919303712936632600e+00
3.200000000000000000e+01 -1.000000000000000000e+00 6.185437001623528275e+00
3.200000000000000000e+01 -7.895686430147588197e-01 8.022736396381455748e+00
3.200000000000000000e+01 -9.971912094741364196e-01 6.934309635283917750e+00
3.200000000000000000e+01 -1.000000000000000000e+00 7.393430496279832731e+00
3.600000000000000000e+01 nan 0.000000000000000000e+00
3.600000000000000000e+01 nan 0.000000000000000000e+00
3.600000000000000000e+01 nan 0.000000000000000000e+00
3.600000000000000000e+01 nan 0.000000000000000000e+00
3.600000000000000000e+01 nan 0.000000000000000000e+00
3.600000000000000000e+01 nan 0.000000000000000000e+00
3.600000000000000000e+01 nan 0.000000000000000000e+00
3.600000000000000000e+01 nan 0.000000000000000000e+00
3.600000000000000000e+01 nan 0.000000000000000000e+00
3.600000000000000000e+01 -8.871921495066329433e-01 8.173725024245840952e-14
3.600000000000000000e+01 -3.234056587826773712e-03 4.029437715579763102e-02
3.600000000000000000e+01 -3.234056598719822328e-03 4.029437715579572282e-02
3.600000000000000000e+01 -6.838179324430569868e-03 5.012825028192242904e-02
3.600000000000000000e+01 -6.838179331128104756e-03 5.012825028193905463e-02
3.600000000000000000e+01 -6.661455878125060938e-05 9.761553178248894014e+00
3.600000000000000000e+01 -1.288128157459037817e-04 7.903448249775986589e+00
3.600000000000000000e+01 -1.000277002087322873e-04 1.330127706344631200e+01
3.600000000000000000e+01 -1.040707850863325444e-04 1.479120898269721707e+01
3.600000000000000000e+01 -1.000000000000000000e+00 1.895165981177459463e-03
3.600000000000000000e+01 -4.795668513308481117e-04 6.149097568164553884e+00
3.600000000000000000e+01 -1.332752695973058073e-02 1.488046568744284848e+01
3.600000000000000000e+01 -1.825311815575427973e-02 1.203918485187918286e+01
3.600000000000000000e+01 -2.979169778538297633e-02 8.693961039867749818e+00
3.600000000000000000e+01 -4.194873250890355371e-02 6.550519740717723138e+00
3.600000000000000000e+01 -1.037403455283379405e-01 2.749100508787506669e+00
3.600000000000000000e+01 -1.259846220059508970e-01 3.471496352262379403e+00
3.600000000000000000e+01 -5.762766304509704396e-01 1.762311648792937335e+00
3.600000000000000000e+01 -1.000000000000000000e+00 1.833464193855154134e+00
3.600000000000000000e+01 -1.000000000000000000e+00 2.643685004623613555e+00
3.600000000000000000e+01 -1.000000000000000000e+00 2.666160567390654990e+00
3.600000000000000000e+01 -1.000000000000000000e+00 3.731535228613325206e+00
3.600000000000000000e+01 -1.000000000000000000e+00 4.586774186367637007e+00
3.600000000000000000e+01 -1.000000000000000000e+00 5.350678138129170591e+00
3.600000000000000000e+01 -6.382040909026696074e-01 8.524863657590056931e+00
3.600000000000000000e+01 -6.897714075201158979e-01 8.504749082538920035e+00
3.600000000000000000e+01 -1.000000000000000000e+00 6.162933572247469627e+00
3.600000000000000000e+01 -7.365018641620637574e-01 8.824982042284045036e+00
3.600000000000000000e+01 -1.000000000000000000e+00 6.906622025450524838e+00
3.600000000000000000e+01 -1.000000000000000000e+00 7.048169441922395251e+00
3.600000000000000000e+01 -8.214696929579473617e-01 9.204635598173934952e+00
3.600000000000000000e+01 -9.980905377670813428e-01 7.749767301893114357e+00
4.000000000000000000e+01 9.752760275633689524e-01 2.608947285957447835e-14
4.000000000000000000e+01 nan 0.000000000000000000e+00
4.000000000000000000e+01 nan 0.000000000000000000e+00
4.000000000000000000e+01 nan 0.000000000000000000e+00
4.000000000000000000e+01 nan 0.000000000000000000e+00
4.000000000000000000e+01 nan 0.000000000000000000e+00
4.000000000000000000e+01 nan 0.000000000000000000e+00
4.000000000000000000e+01 nan 0.000000000000000000e+00
4.000000000000000000e+01 nan 0.000000000000000000e+00
4.000000000000000000e+01 nan 0.000000000000000000e+00
4.000000000000000000e+01 -3.087062121414578270e-03 3.632701056034965542e-02
4.000000000000000000e+01 -3.087062229513650065e-03 3.632701056035796128e-02
4.000000000000000000e+01 -4.043805388341666258e-03 4.550500886444736048e-02
4.000000000000000000e+01 -4.043805388531552560e-03 4.550500886441694731e-02
4.000000000000000000e+01 -6.061804780188543716e-05 9.773960791141142579e+00
4.000000000000000000e+01 -1.209980734935053040e-04 7.909809606469768717e+00
4.000000000000000000e+01 -9.170576630690535874e-05 1.333270667576810098e+01
4.000000000000000000e+01 -9.460978223185950177e-05 1.483435696194988473e+01
4.000000000000000000e+01 -1.000000000000000000e+00 1.448494642585484863e-03
4.000000000000000000e+01 -4.921962055949730954e-04 6.152748007666784424e+00
4.000000000000000000e+01 -7.393149946373241133e-02 2.562493790645207881e+00
4.000000000000000000e+01 -1.469247882649369480e-02 1.493756778066830293e+01
4.000000000000000000e+01 -2.075882641753452884e-02 1.207493721725332492e+01
4.000000000000000000e+01 -3.435770856437340981e-02 8.723691550271466255e+00
4.000000000000000000e+01 -4.938973723672580168e-02 6.532346348785561752e+00
4.000000000000000000e+01 -1.443373087864324167e-01 3.494843908000748733e+00
4.000000000000000000e+01 -6.058279615104780191e-01 2.144825780674235904e+00
4.000000000000000000e+01 -1.000000000000000000e+00 2.026426150816568406e+00
4.000000000000000000e+01 -1.000000000000000000e+00 2.844239290629492878e+00
4.000000000000000000e+01 -1.000000000000000000e+00 2.975181238387615945e+00
4.000000000000000000e+01 -1.000000000000000000e+00 4.150374600650943435e+00
4.000000000000000000e+01 -1.000000000000000000e+00 5.065837432588057077e+00
4.000000000000000000e+01 -1.000000000000000000e+00 5.922939659404786283e+00
4.000000000000000000e+01 -6.477041426279960268e-01 9.382289008442670664e+00
4.000000000000000000e+01 -6.942583402463365916e-01 9.465382482766282024e+00
4.000000000000000000e+01 -1.000000000000000000e+00 6.743075321191208005e+00
4.000000000000000000e+01 -7.582383981351976665e-01 9.988700209530605889e+00
4.000000000000000000e+01 -1.000000000000000000e+00 7.625888223920761710e+00
4.400000000000000000e+01 nan 0.000000000000000000e+00
4.400000000000000000e+01 nan 0.000000000000000000e+00
4.400000000000000000e+01 nan 0.000000000000000000e+00
4.400000000000000000e+01 nan 0.000000000000000000e+00
4.400000000000000000e+01 nan 0.000000000000000000e+00
4.400000000000000000e+01 nan 0.000000000000000000e+00
4.400000000000000000e+01 nan 0.000000000000000000e+00
4.400000000000000000e+01 nan 0.000000000000000000e+00
4.400000000000000000e+01 nan 0.000000000000000000e+00
4.400000000000000000e+01 -9.999999999999998890e-01 1.119555247875159493e-13
4.400000000000000000e+01 -2.061073745226413637e-03 4.176471410825253333e-02
4.400000000000000000e+01 -2.061073746343239452e-03 4.176471410825398356e-02
4.400000000000000000e+01 -2.978607805520077593e-03 3.305345823195642713e-02
4.400000000000000000e+01 -2.978607899508432019e-03 3.305345823199392491e-02
4.400000000000000000e+01 -5.570525006686622419e-05 9.783177123242341011e+00
4.400000000000000000e+01 -1.129185702425936289e-04 7.914460288413069478e+00
4.400000000000000000e+01 -8.479630630990451666e-05 1.335613807235691475e+01
4.400000000000000000e+01 -1.000000000000000000e+00 1.142564530318046414e-03
4.400000000000000000e+01 -8.676040403208602942e-05 1.486657253296752756e+01
4.400000000000000000e+01 -4.813472215521307786e-04 6.155592244704079619e+00
4.400000000000000000e+01 -8.750205477031539752e-03 2.451687721703858625e+00
4.400000000000000000e+01 -1.625507059068771396e-02 1.498361456894452637e+01
4.400000000000000000e+01 -2.348583347817897668e-02 1.210394157617717603e+01
4.400000000000000000e+01 -3.912822187376589073e-02 8.750650550024385410e+00
4.400000000000000000e+01 -5.744791395848623805e-02 6.508999514965416289e+00
4.400000000000000000e+01 -1.628258247421177363e-01 3.517942434531621920e+00
4.400000000000000000e+01 -6.606320817439822468e-01 2.523972326862702786e+00
4.400000000000000000e+01 -1.000000000000000000e+00 2.215194420892157012e+00
4.400000000000000000e+01 -1.000000000000000000e+00 3.015036055884477317e+00
4.400000000000000000e+01 -1.000000000000000000e+00 3.287501075869748934e+00
4.400000000000000000e+01 -1.000000000000000000e+00 4.570945708075210945e+00
4.400000000000000000e+01 -1.000000000000000000e+00 5.543590183724012022e+00
4.400000000000000000e+01 -1.000000000000000000e+00 6.489324724347682150e+00
4.400000000000000000e+01 -6.534827789652365437e-01 1.024086245013132945e+01
4.400000000000000000e+01 -6.975794528537959671e-01 1.044223557192436047e+01
4.400000000000000000e+01 -1.000000000000000000e+00 7.359772235627920267e+00
3.000000000000000000e+01 9.982620602907719132e-01 1.274436766849411959e-13
3.000000000000000000e+01 nan 0.000000000000000000e+00
3.000000000000000000e+01 nan 0.000000000000000000e+00
3.000000000000000000e+01 nan 0.000000000000000000e+00
3.000000000000000000e+01 nan 0.000000000000000000e+00
3.000000000000000000e+01 nan 0.000000000000000000e+00
3.000000000000000000e+01 nan 0.000000000000000000e+00
3.000000000000000000e+01 nan 0.000000000000000000e+00
3.000000000000000000e+01 nan 0.000000000000000000e+00
3.000000000000000000e+01 nan 0.000000000000000000e+00
3.000000000000000000e+01 -3.518000508079001040e-03 4.820393580645981196e-02
3.000000000000000000e+01 -3.518000523316165001e-03 4.820393580650338822e-02
3.000000000000000000e+01 -7.859744499742598591e-05 9.733035973607170988e+00
3.000000000000000000e+01 -1.356446577477202556e-02 5.947923186826238606e-02
3.000000000000000000e+01 -1.356446577493632469e-02 5.947923186824766867e-02
3.000000000000000000e+01 -1.400383803139439013e-04 7.888558861591922877e+00
3.000000000000000000e+01 -1.161871970286904455e-04 1.322951670931681001e+01
3.000000000000000000e+01 -1.224989914194510570e-04 1.469298578397119925e+01
3.000000000000000000e+01 -4.227088305713167936e-04 6.141214609963188131e+00
3.000000000000000000e+01 -1.000000000000000000e+00 3.063229132631781638e-03
3.000000000000000000e+01 -1.175825096504845568e-02 1.476251126964670846e+01
3.000000000000000000e+01 -1.505096469767435927e-02 1.196627184888156314e+01
3.000000000000000000e+01 -2.347414169107829227e-02 8.641590278047313944e+00
3.000000000000000000e+01 -3.195576876213872264e-02 6.566996410636140702e+00
3.000000000000000000e+01 -9.247507586882600106e-02 2.965795178681806643e+00
3.000000000000000000e+01 -9.890682513295927236e-02 3.435401900269026143e+00
3.000000000000000000e+01 -5.760275902139031512e-01 1.324355636929085200e+00
3.000000000000000000e+01 -1.000000000000000000e+00 1.534148547837052901e+00
3.000000000000000000e+01 -1.000000000000000000e+00 2.211147410689644044e+00
3.000000000000000000e+01 -1.000000000000000000e+00 2.295476588923243355e+00
3.000000000000000000e+01 -1.000000000000000000e+00 3.106466815412904481e+00
3.000000000000000000e+01 -1.000000000000000000e+00 3.863998292248322919e+00
3.000000000000000000e+01 -6.175762280705391349e-01 7.141842128064555872e+00
3.000000000000000000e+01 -1.000000000000000000e+00 4.481542160655263451e+00
3.000000000000000000e+01 -6.708285749334007564e-01 7.016126156065486619e+00
3.000000000000000000e+01 -7.138205680181510804e-01 7.121101747045727848e+00
3.000000000000000000e+01 -9.993722634039861052e-01 5.425810528991391379e+00
3.000000000000000000e+01 -7.760129729732160309e-01 7.357821966655766488e+00
3.000000000000000000e+01 -1.000000000000000000e+00 5.820254014214699900e+00
3.000000000000000000e+01 -9.999753717739148229e-01 6.789051698004972657e+00
3.000000000000000000e+01 -9.999753717739147119e-01 6.789051698006086433e+00
3.000000000000000000e+01 -1.000000000000000000e+00 6.842109593778188170e+00
3.000000000000000000e+01 -8.663309186657326411e-01 7.956032022111261703e+00
3.000000000000000000e+01 -9.511283994190055102e-01 7.816585739258624876e+00
3.000000000000000000e+01 -9.809658396520066770e-01 7.726038358566320596e+00
