3.400000000000000000e+01 0.000000000000000000e+00 0.000000000000000000e+00
3.400000000000000000e+01 0.000000000000000000e+00 0.000000000000000000e+00
3.400000000000000000e+01 0.000000000000000000e+00 0.000000000000000000e+00
3.400000000000000000e+01 0.000000000000000000e+00 0.000000000000000000e+00
3.400000000000000000e+01 0.000000000000000000e+00 0.000000000000000000e+00
3.400000000000000000e+01 0.000000000000000000e+00 0.000000000000000000e+00
3.400000000000000000e+01 0.000000000000000000e+00 0.000000000000000000e+00
3.400000000000000000e+01 0.000000000000000000e+00 0.000000000000000000e+00
3.400000000000000000e+01 0.000000000000000000e+00 0.000000000000000000e+00
3.400000000000000000e+01 -1.494804280355313391e-12 -1.060541656022116779e-12
3.400000000000000000e+01 -8.880681144742624215e-04 -2.678119148033476504e-01
3.400000000000000000e+01 -8.880681480622879031e-04 2.678119148033084596e-01
3.400000000000000000e+01 -2.877798491367689147e-03 -3.321724672387374455e-01
3.400000000000000000e+01 -2.877798493067188195e-03 3.321724672382265209e-01
3.400000000000000000e+01 -4.299160251232997734e-03 -6.128415090434803147e+01
3.400000000000000000e+01 -4.299160251577624839e-03 6.128415090434806700e+01
3.400000000000000000e+01 -6.580319010455058966e-03 4.963316787310031231e+01
3.400000000000000000e+01 -6.580319010590731689e-03 -4.963316787310014178e+01
3.400000000000000000e+01 -8.749877045324778307e-03 8.344940034597732392e+01
3.400000000000000000e+01 -8.749877046298409206e-03 -8.344940034597740919e+01
3.400000000000000000e+01 -1.016347448017519174e-02 9.276457263651974472e+01
3.400000000000000000e+01 -1.016347448030948709e-02 -9.276457263652004315e+01
3.400000000000000000e+01 -1.381411145488556196e-02 1.281203398963322950e-12
3.400000000000000000e+01 -1.796080313405324161e-02 3.862189086040331176e+01
3.400000000000000000e+01 -1.796080313479694532e-02 -3.862189086040340413e+01
3.400000000000000000e+01 -1.187807894234219619e+00 -9.327480930853752739e+01
3.400000000000000000e+01 -1.187807894234439221e+00 9.327480930853761265e+01
3.400000000000000000e+01 -1.291338839595643773e+00 -7.549996726847237483e+01
3.400000000000000000e+01 -1.291338839596525512e+00 7.549996726847248851e+01
3.400000000000000000e+01 -1.505110830436934943e+00 -5.450302109638517578e+01
3.400000000000000000e+01 -1.505110830437310199e+00 5.450302109638536763e+01
3.400000000000000000e+01 -1.584734503055056365e+00 -4.117164991147105724e+01
3.400000000000000000e+01 -1.584734503055524879e+00 4.117164991147115671e+01
3.400000000000000000e+01 -1.848462887736943783e+00 1.771490962296312333e+01
3.400000000000000000e+01 -1.848462887736974203e+00 -1.771490962296304161e+01
3.400000000000000000e+01 -2.540768463424964096e+00 -2.158869063727116711e+01
3.400000000000000000e+01 -2.540768463425262524e+00 2.158869063727118132e+01
3.400000000000000000e+01 -5.758058596304403309e+00 8.230754074498943140e+00
3.400000000000000000e+01 -5.758058596304495680e+00 -8.230754074498973338e+00
3.400000000000000000e+01 -1.090234726273707899e+01 -8.187876344819920160e-14
3.400000000000000000e+01 -1.579082731027682840e+01 -5.082012628819231497e-14
3.400000000000000000e+01 -1.591842100102810242e+01 6.458882608747490111e-15
3.400000000000000000e+01 -2.213412697801535955e+01 9.697269598180136674e-14
3.400000000000000000e+01 -2.730936086674216412e+01 2.053607340009963334e-14
3.400000000000000000e+01 -3.180641391551082009e+01 1.249734477602923146e-13
3.400000000000000000e+01 -3.207375992185264124e+01 -3.937073793309050984e+01
3.400000000000000000e+01 -3.207375992185275493e+01 3.937073793309046721e+01
3.400000000000000000e+01 -3.459710517236092642e+01 -3.670031614817280285e+01
3.400000000000000000e+01 -3.459710517236095484e+01 3.670031614817294496e+01
3.400000000000000000e+01 -3.707967975473550837e+01 5.510846804777259863e-14
3.400000000000000000e+01 -3.776480256284349935e+01 3.555545504570007864e+01
3.400000000000000000e+01 -3.776480256284351356e+01 -3.555545504570029181e+01
3.400000000000000000e+01 -4.088733708203221084e+01 4.033735613871538688e-17
3.400000000000000000e+01 -4.113225683782982145e+01 1.273663034608902996e-14
3.400000000000000000e+01 -4.380902945416129768e+01 3.217922851408967233e+01
3.400000000000000000e+01 -4.380902945416174532e+01 -3.217922851408985707e+01
3.400000000000000000e+01 -4.581687216206133684e+01 -3.381885946597821935e+00
3.400000000000000000e+01 -4.581687216206141500e+01 3.381885946598073733e+00
3.400000000000000000e+01 -4.999442649633932234e+01 -1.100523192727394284e-15
3.400000000000000000e+01 -5.304463280809628856e+01 -1.652392918137499933e+01
3.400000000000000000e+01 -5.304463280809729753e+01 1.652392918137495315e+01
3.400000000000000000e+01 -5.682270821938534056e+01 -1.356698996934657586e+01
3.400000000000000000e+01 -5.682270821938552530e+01 1.356698996934649948e+01
3.400000000000000000e+01 -5.912700043593370935e+01 -2.631330793664384515e+01
3.400000000000000000e+01 -5.912700043593430621e+01 2.631330793664375989e+01
3.400000000000000000e+01 -6.229370328215189545e+01 1.525861263120273037e+01
3.400000000000000000e+01 -6.229370328215238573e+01 -1.525861263120273392e+01
3.400000000000000000e+01 -7.943723096153611607e+01 -2.866676797794101006e+01
3.400000000000000000e+01 -7.943723096153648555e+01 2.866676797794116283e+01
3.400000000000000000e+01 -8.902854814335687195e+01 -2.655858289812114847e+01
3.400000000000000000e+01 -8.902854814335715616e+01 2.655858289812107387e+01
3.400000000000000000e+01 -9.263343287219277045e+01 -2.465046837160020132e+01
3.400000000000000000e+01 -9.263343287219319677e+01 2.465046837160021198e+01
3.400000000000000000e+01 -9.365108905798227568e+01 -3.171414129293810117e-13
3.400000000000000000e+01 -9.652652577719382521e+01 1.145858867205434173e+01
3.400000000000000000e+01 -9.652652577719412363e+01 -1.145858867205411435e+01
3.400000000000000000e+01 -9.729021117768020588e+01 1.772271005823232493e+00
3.400000000000000000e+01 -9.729021117768053273e+01 -1.772271005823170764e+00
3.400000000000000000e+01 -1.021220938099341708e+02 -2.953895571333522677e-13
3.400000000000000000e+01 -1.075762571325414712e+02 9.941940350769687565e-14
3.400000000000000000e+01 -1.443660205436954698e+02 -2.496809040883597836e-13
3.400000000000000000e+01 -1.648100603340767520e+02 1.133107875272779635e-13
3.400000000000000000e+01 -2.570846057689003601e+02 -2.818286120967579509e-15
3.400000000000000000e+01 -2.684975361856013478e+02 6.935345655677877021e-14
3.400000000000000000e+01 -2.766237286797368142e+02 5.781148827184922538e+02
3.400000000000000000e+01 -2.766237286797369279e+02 -5.781148827184922538e+02
3.400000000000000000e+01 -2.844517593143588101e+02 6.026776150358423365e+02
3.400000000000000000e+01 -2.844517593143591512e+02 -6.026776150358421091e+02
3.400000000000000000e+01 -3.009525375734334034e+02 -4.112780559879782913e+02
3.400000000000000000e+01 -3.009525375734342560e+02 4.112780559879778934e+02
3.400000000000000000e+01 -3.049616145387750521e+02 -4.101541668458073673e+02
3.400000000000000000e+01 -3.049616145387755068e+02 4.101541668458074810e+02
3.400000000000000000e+01 -3.091541680412240680e+02 -6.408849013323177815e+02
3.400000000000000000e+01 -3.242373892179969062e+02 -4.491225804996791453e+02
3.400000000000000000e+01 -3.242373892179974177e+02 4.491225804996791453e+02
3.400000000000000000e+01 -3.264391339688655762e+02 6.408849013323177815e+02
3.400000000000000000e+01 -3.370397141835091475e+02 4.182841159414609820e+02
3.400000000000000000e+01 -3.370397141835093748e+02 -4.182841159414608683e+02
3.400000000000000000e+01 -3.393365592071637025e+02 -4.290235899126091113e+02
3.400000000000000000e+01 -3.393365592071645551e+02 4.290235899126089976e+02
3.400000000000000000e+01 -3.512917995268909976e+02 -4.017239880869253739e+02
3.400000000000000000e+01 -3.512917995268910545e+02 4.017239880869251465e+02
3.400000000000000000e+01 -3.565797635317383651e+02 -4.721161579886881226e-13
3.400000000000000000e+01 -3.580184228774702433e+02 1.742217599909842917e-13
3.400000000000000000e+01 -3.585670186523798293e+02 -3.966298867897239688e+02
3.400000000000000000e+01 -3.585670186523798861e+02 3.966298867897239120e+02
3.400000000000000000e+01 -3.591719289621121902e+02 2.430112564131619410e-13
3.400000000000000000e+01 -3.706585263763122384e+02 -1.609121683286259732e-14
3.400000000000000000e+01 -3.757802510431314431e+02 1.080761642551785435e-13
3.400000000000000000e+01 -3.906058675762457142e+02 4.433573025060383088e+02
3.400000000000000000e+01 -3.906058675762457710e+02 -4.433573025060384794e+02
3.400000000000000000e+01 -3.916781989085255304e+02 4.829311613880175287e+02
3.400000000000000000e+01 -3.916781989085266105e+02 -4.829311613880166192e+02
3.400000000000000000e+01 -3.968113632593620537e+02 1.741563236040545987e-13
3.400000000000000000e+01 -4.056356232011288512e+02 4.011645668299973408e+02
3.400000000000000000e+01 -4.056356232011296470e+02 -4.011645668299976819e+02
3.400000000000000000e+01 -4.225074293238290011e+02 4.563773232194063780e+02
3.400000000000000000e+01 -4.225074293238296264e+02 -4.563773232194063780e+02
3.400000000000000000e+01 -4.602623148429348134e+02 1.215714400362799773e-13
3.400000000000000000e+01 -4.883576023435124966e+02 6.408849013323175541e+02
3.400000000000000000e+01 -6.060872504966068846e+02 -1.905627562712427050e+02
3.400000000000000000e+01 -6.060872504966071119e+02 1.905627562712422787e+02
3.400000000000000000e+01 -6.618069587562142715e+02 2.674542910596105116e+02
3.400000000000000000e+01 -6.618069587562146125e+02 -2.674542910596093748e+02
3.400000000000000000e+01 -1.224416889315440358e+03 -6.408849013322997052e+02
4.200000000000000000e+01 0.000000000000000000e+00 0.000000000000000000e+00
4.200000000000000000e+01 0.000000000000000000e+00 0.000000000000000000e+00
4.200000000000000000e+01 0.000000000000000000e+00 0.000000000000000000e+00
4.200000000000000000e+01 0.000000000000000000e+00 0.000000000000000000e+00
4.200000000000000000e+01 0.000000000000000000e+00 0.000000000000000000e+00
4.200000000000000000e+01 0.000000000000000000e+00 0.000000000000000000e+00
4.200000000000000000e+01 0.000000000000000000e+00 0.000000000000000000e+00
4.200000000000000000e+01 0.000000000000000000e+00 0.000000000000000000e+00
4.200000000000000000e+01 0.000000000000000000e+00 0.000000000000000000e+00
4.200000000000000000e+01 -1.790567694115458931e-12 -6.980253729541711943e-14
4.200000000000000000e+01 -6.588150936163856804e-04 2.175012028794531538e-01
4.200000000000000000e+01 -6.588151222935115670e-04 -2.175012028794769681e-01
4.200000000000000000e+01 -8.122181317869854806e-04 2.735580640802694474e-01
4.200000000000000000e+01 -8.122181336896059029e-04 -2.735580640801451024e-01
4.200000000000000000e+01 -3.566249222273986177e-03 -6.144260331804802888e+01
4.200000000000000000e+01 -3.566249222602015448e-03 6.144260331804856179e+01
4.200000000000000000e+01 -5.816866160716605352e-03 -4.971450461469533622e+01
4.200000000000000000e+01 -5.816866161667321421e-03 4.971450461469614623e+01
4.200000000000000000e+01 -7.387072452726090727e-03 8.385061264734264341e+01
4.200000000000000000e+01 -7.387072453647055420e-03 -8.385061264734298447e+01
4.200000000000000000e+01 -8.054444083501430610e-03 7.149371498667523071e-14
4.200000000000000000e+01 -8.445949525259602644e-03 9.331525202646005823e+01
4.200000000000000000e+01 -8.445949525517667048e-03 -9.331525202646041350e+01
4.200000000000000000e+01 -1.894051174583317662e-02 -3.866832145899137885e+01
4.200000000000000000e+01 -1.894051174601220702e-02 3.866832145899095252e+01
4.200000000000000000e+01 -6.737587140927034923e-01 1.565735693014479324e+01
4.200000000000000000e+01 -6.737587140927223661e-01 -1.565735693014494245e+01
4.200000000000000000e+01 -1.452574644574716745e+00 9.399626207101393049e+01
4.200000000000000000e+01 -1.452574644577079743e+00 -9.399626207101405839e+01
4.200000000000000000e+01 -1.678640210613418393e+00 -7.594611899069435879e+01
4.200000000000000000e+01 -1.678640210614295025e+00 7.594611899069475669e+01
4.200000000000000000e+01 -2.015938210393266150e+00 5.486209872907785012e+01
4.200000000000000000e+01 -2.015938210394248031e+00 -5.486209872907758722e+01
4.200000000000000000e+01 -2.185695719256102620e+00 -4.091618050339324952e+01
4.200000000000000000e+01 -2.185695719256425029e+00 4.091618050339337742e+01
4.200000000000000000e+01 -3.383341788688035479e+00 2.177009592781408287e+01
4.200000000000000000e+01 -3.383341788688369878e+00 -2.177009592781416814e+01
4.200000000000000000e+01 -9.299079747627748915e+00 1.138797687648022539e+01
4.200000000000000000e+01 -9.299079747628253401e+00 -1.138797687648058243e+01
4.200000000000000000e+01 -1.332850800970409821e+01 -1.171728212863268073e-13
4.200000000000000000e+01 -1.843253837770700443e+01 4.263757356293770232e-14
4.200000000000000000e+01 -1.967251931547120236e+01 9.772376764683538114e-14
4.200000000000000000e+01 -2.739746386440636883e+01 -9.237072712224223002e-14
4.200000000000000000e+01 -3.333092225213988513e+01 -6.161859599948601035e-14
4.200000000000000000e+01 -3.899865696677122173e+01 4.121482578400808944e-15
4.200000000000000000e+01 -4.012310346203833689e+01 -4.679131461935904923e+01
4.200000000000000000e+01 -4.012310346203881295e+01 4.679131461935939740e+01
4.200000000000000000e+01 -4.351714568728616683e+01 4.490209822628581549e+01
4.200000000000000000e+01 -4.351714568728672106e+01 -4.490209822628606418e+01
4.200000000000000000e+01 -4.428851793288301764e+01 2.456399871047103774e-14
4.200000000000000000e+01 -5.015789162088859143e+01 4.867865590298923339e-13
4.200000000000000000e+01 -5.125459632872794202e+01 4.232129133802875742e+01
4.200000000000000000e+01 -5.125459632872919258e+01 -4.232129133802906296e+01
4.200000000000000000e+01 -5.305770534129335658e+01 -7.561863925454808069e-14
4.200000000000000000e+01 -5.435917849579374206e+01 -5.229512822569661181e-13
4.200000000000000000e+01 -5.659646849385909206e+01 -3.519504975936944646e+01
4.200000000000000000e+01 -5.659646849385943312e+01 3.519504975936984437e+01
4.200000000000000000e+01 -6.225030323505514929e+01 1.303424366736047012e-14
4.200000000000000000e+01 -6.242761078728448609e+01 -1.845940086627551580e+01
4.200000000000000000e+01 -6.242761078728469215e+01 1.845940086627602739e+01
4.200000000000000000e+01 -6.463108989264533477e+01 -5.814884617291215640e+00
4.200000000000000000e+01 -6.463108989264564741e+01 5.814884617291283142e+00
4.200000000000000000e+01 -8.347974958255677791e+01 2.765261819060019732e+01
4.200000000000000000e+01 -8.347974958255818478e+01 -2.765261819060015114e+01
4.200000000000000000e+01 -8.702452743846424710e+01 2.447590306720855935e+01
4.200000000000000000e+01 -8.702452743846436078e+01 -2.447590306720843856e+01
4.200000000000000000e+01 -1.058546891645268886e+02 -1.498555419385243148e+01
4.200000000000000000e+01 -1.058546891645272154e+02 1.498555419385237641e+01
4.200000000000000000e+01 -1.108082081426590406e+02 -2.175982466595602816e+01
4.200000000000000000e+01 -1.108082081426591259e+02 2.175982466595606724e+01
4.200000000000000000e+01 -1.140430843688440632e+02 8.401763653270246005e-14
4.200000000000000000e+01 -1.148882487165845419e+02 3.371260155442781326e+01
4.200000000000000000e+01 -1.148882487165864887e+02 -3.371260155442814010e+01
4.200000000000000000e+01 -1.263795646035144671e+02 2.108552117540730464e+01
4.200000000000000000e+01 -1.263795646035149645e+02 -2.108552117540684989e+01
4.200000000000000000e+01 -1.266952185180431485e+02 1.837500062950419277e+01
4.200000000000000000e+01 -1.266952185180438022e+02 -1.837500062950380197e+01
4.200000000000000000e+01 -1.349977442718221141e+02 -4.855857546198362970e-14
4.200000000000000000e+01 -1.354983157257672417e+02 -1.099837455856250954e-13
4.200000000000000000e+01 -1.719895088221493893e+02 -7.417821422730058785e-14
4.200000000000000000e+01 -1.747391806696949175e+02 1.026549781992496132e-13
4.200000000000000000e+01 -2.049198791986449635e+02 -3.678186346132335307e-13
4.200000000000000000e+01 -2.512934584206230113e+02 -2.067081797789120092e-13
4.200000000000000000e+01 -2.927376611679908365e+02 6.867176021368733409e-14
4.200000000000000000e+01 -3.323532600174474965e+02 -7.916813487046277942e+02
4.200000000000000000e+01 -3.737461189858794910e+02 -5.084030257085778999e+02
4.200000000000000000e+01 -3.737461189858811963e+02 5.084030257085773314e+02
4.200000000000000000e+01 -3.790311384412638063e+02 5.092309084726712172e+02
4.200000000000000000e+01 -3.790311384412642042e+02 -5.092309084726709898e+02
4.200000000000000000e+01 -3.801185281366574600e+02 7.916813487046277942e+02
4.200000000000000000e+01 -3.948014152843546754e+02 6.054209215143080201e+02
4.200000000000000000e+01 -3.948014152843549596e+02 -6.054209215143077927e+02
4.200000000000000000e+01 -3.968502940846795468e+02 -5.318134930654739492e+02
4.200000000000000000e+01 -3.968502940846802289e+02 5.318134930654740629e+02
4.200000000000000000e+01 -3.977464944408038150e+02 -5.316911292732105494e+02
4.200000000000000000e+01 -3.977464944408043266e+02 5.316911292732102083e+02
4.200000000000000000e+01 -4.183713690131334033e+02 -4.989907690416449668e+02
4.200000000000000000e+01 -4.183713690131335738e+02 4.989907690416447394e+02
4.200000000000000000e+01 -4.218085804125815343e+02 -7.916813487046274531e+02
4.200000000000000000e+01 -4.394810690071269619e+02 -5.859246462348048681e+02
4.200000000000000000e+01 -4.394810690071271893e+02 5.859246462348044133e+02
4.200000000000000000e+01 -4.395290015587388552e+02 4.685260120717999577e+00
4.200000000000000000e+01 -4.395290015587393668e+02 -4.685260120718368171e+00
4.200000000000000000e+01 -4.405247569475013165e+02 -1.218005858759839006e-13
4.200000000000000000e+01 -4.424750949019714312e+02 -4.925775597260686141e+02
4.200000000000000000e+01 -4.424750949019718860e+02 4.925775597260686709e+02
4.200000000000000000e+01 -4.488753909913233997e+02 -7.916813487046276805e+02
4.200000000000000000e+01 -4.563606923026837308e+02 -1.001892032628883244e-13
4.200000000000000000e+01 -4.652258961953883158e+02 1.169561801472477108e-13
4.200000000000000000e+01 -4.774514818251080328e+02 -6.311917639138371214e+02
4.200000000000000000e+01 -4.774514818251105339e+02 6.311917639138368941e+02
4.200000000000000000e+01 -4.840220611612170387e+02 5.188709447506071228e+02
4.200000000000000000e+01 -4.840220611612172661e+02 -5.188709447506079186e+02
4.200000000000000000e+01 -4.931028615070676437e+02 6.206562811855078508e+02
4.200000000000000000e+01 -4.931028615070696333e+02 -6.206562811855069413e+02
4.200000000000000000e+01 -4.949005328162473916e+02 -7.486222458861173204e-14
4.200000000000000000e+01 -5.010535922022074828e+02 -5.519009373721423799e+02
4.200000000000000000e+01 -5.010535922022077102e+02 5.519009373721419252e+02
4.200000000000000000e+01 -6.023094698877690689e+02 9.570077120490020063e-14
4.200000000000000000e+01 -6.507018719331487091e+02 -5.545255273019165543e+02
4.200000000000000000e+01 -6.507018719331496186e+02 5.545255273019164406e+02
4.200000000000000000e+01 -8.553790512096695693e+02 -7.916813487046274531e+02
4.200000000000000000e+01 -8.582946846730346806e+02 -3.137580668710656140e-13
4.200000000000000000e+01 -9.286334344773973726e+02 -6.227542585908502133e+02
4.200000000000000000e+01 -9.286334344773991916e+02 6.227542585908520323e+02
3.800000000000000000e+01 1.923794457070463175e-12 6.515413713666531635e-14
3.800000000000000000e+01 0.000000000000000000e+00 0.000000000000000000e+00
3.800000000000000000e+01 0.000000000000000000e+00 0.000000000000000000e+00
3.800000000000000000e+01 0.000000000000000000e+00 0.000000000000000000e+00
3.800000000000000000e+01 0.000000000000000000e+00 0.000000000000000000e+00
3.800000000000000000e+01 0.000000000000000000e+00 0.000000000000000000e+00
3.800000000000000000e+01 0.000000000000000000e+00 0.000000000000000000e+00
3.800000000000000000e+01 0.000000000000000000e+00 0.000000000000000000e+00
3.800000000000000000e+01 0.000000000000000000e+00 0.000000000000000000e+00
3.800000000000000000e+01 0.000000000000000000e+00 0.000000000000000000e+00
3.800000000000000000e+01 -7.580062272935901785e-04 -2.400622600426581543e-01
3.800000000000000000e+01 -7.580062400765357790e-04 2.400622600428593545e-01
3.800000000000000000e+01 -1.593317109772129231e-03 -2.996340157759216916e-01
3.800000000000000000e+01 -1.593317112708264290e-03 2.996340157760782330e-01
3.800000000000000000e+01 -3.894467886214845413e-03 6.137565378447582276e+01
3.800000000000000000e+01 -3.894467886497559369e-03 -6.137565378447631304e+01
3.800000000000000000e+01 -6.207471330773731318e-03 4.968044528886929356e+01
3.800000000000000000e+01 -6.207471330814591862e-03 -4.968044528886887434e+01
3.800000000000000000e+01 -8.005220206668281838e-03 -8.368070172748305424e+01
3.800000000000000000e+01 -8.005220207540681213e-03 8.368070172748325319e+01
3.800000000000000000e+01 -9.225364931365302376e-03 9.308179694095925072e+01
3.800000000000000000e+01 -9.225364931579483480e-03 -9.308179694095882439e+01
3.800000000000000000e+01 -1.036463069709541059e-02 -6.013145005500628260e-14
3.800000000000000000e+01 -1.888951869941401032e-02 3.864812604398866824e+01
3.800000000000000000e+01 -1.888951869960121474e-02 -3.864812604398892404e+01
3.800000000000000000e+01 -1.309975142949294513e+00 -9.367717164092628934e+01
3.800000000000000000e+01 -1.309975142949393101e+00 9.367717164092599091e+01
3.800000000000000000e+01 -1.475484482932735375e+00 -7.574859030111090874e+01
3.800000000000000000e+01 -1.475484482933300256e+00 7.574859030111083769e+01
3.800000000000000000e+01 -1.583991794425399613e+00 1.659656225283074349e+01
3.800000000000000000e+01 -1.583991794425549715e+00 -1.659656225283078612e+01
3.800000000000000000e+01 -1.753581035338165783e+00 5.469360177243468968e+01
3.800000000000000000e+01 -1.753581035338251937e+00 -5.469360177243487442e+01
3.800000000000000000e+01 -1.874040823603543515e+00 -4.106251828644328583e+01
3.800000000000000000e+01 -1.874040823603765116e+00 4.106251828644320767e+01
3.800000000000000000e+01 -2.957612885083190868e+00 -2.168488110647503220e+01
3.800000000000000000e+01 -2.957612885083667376e+00 2.168488110647489364e+01
3.800000000000000000e+01 -7.171238517802313694e+00 -9.910000978019590789e+00
3.800000000000000000e+01 -7.171238517802625445e+00 9.910000978019636975e+00
3.800000000000000000e+01 -1.212972928459636002e+01 -5.504768390984999340e-15
3.800000000000000000e+01 -1.726255069576937018e+01 -2.118003972311652896e-13
3.800000000000000000e+01 -1.771989717153365973e+01 3.893713583032197736e-14
3.800000000000000000e+01 -2.476042492363605163e+01 -5.964114776611260590e-14
3.800000000000000000e+01 -3.032616985308042246e+01 1.439758972693398852e-14
3.800000000000000000e+01 -3.542205627814674074e+01 -5.799480491124079173e-14
3.800000000000000000e+01 -3.621151979554885258e+01 4.306851735182591767e+01
3.800000000000000000e+01 -3.621151979554909417e+01 -4.306851735182547003e+01
3.800000000000000000e+01 -3.907637875129516658e+01 -4.072892249619577143e+01
3.800000000000000000e+01 -3.907637875129530158e+01 4.072892249619574301e+01
3.800000000000000000e+01 -4.050234188646623323e+01 3.037500014333543004e-14
3.800000000000000000e+01 -4.411063036510287105e+01 3.930515325525846748e+01
3.800000000000000000e+01 -4.411063036510304158e+01 -3.930515325525880144e+01
3.800000000000000000e+01 -4.565808433354305151e+01 4.412150266324020188e-14
3.800000000000000000e+01 -4.747078893067766359e+01 -1.501636499261683307e-14
3.800000000000000000e+01 -5.078906206393101996e+01 3.363180966921011361e+01
3.800000000000000000e+01 -5.078906206393162392e+01 -3.363180966921050441e+01
3.800000000000000000e+01 -5.164284411751456361e+01 1.956725024757596465e+00
3.800000000000000000e+01 -5.164284411751468440e+01 -1.956725024757908882e+00
3.800000000000000000e+01 -5.736404222009536369e+01 -1.769760134736788260e+01
3.800000000000000000e+01 -5.736404222009622345e+01 1.769760134736787904e+01
3.800000000000000000e+01 -5.874471243459306891e+01 -5.933332217158598702e-14
3.800000000000000000e+01 -6.605719394160166758e+01 7.642714208968624412e+00
3.800000000000000000e+01 -6.605719394160200864e+01 -7.642714208968622636e+00
3.800000000000000000e+01 -7.315986849279971693e+01 -2.698495085974733954e+01
3.800000000000000000e+01 -7.315986849280072590e+01 2.698495085974760599e+01
3.800000000000000000e+01 -7.528348159718409249e+01 -2.135867591980142421e+01
3.800000000000000000e+01 -7.528348159718413513e+01 2.135867591980148816e+01
3.800000000000000000e+01 -9.616099389741543746e+01 -3.230807830313855789e+01
3.800000000000000000e+01 -9.616099389741557957e+01 3.230807830313845130e+01
3.800000000000000000e+01 -1.016339550525086679e+02 -2.550341048281075018e+01
3.800000000000000000e+01 -1.016339550525086679e+02 2.550341048281064005e+01
3.800000000000000000e+01 -1.065484310809140283e+02 -8.536718867001862776e+00
3.800000000000000000e+01 -1.065484310809143409e+02 8.536718867002145217e+00
3.800000000000000000e+01 -1.093783924050427174e+02 1.878791495956730081e-13
3.800000000000000000e+01 -1.097184073594961120e+02 -2.358497759940194882e+01
3.800000000000000000e+01 -1.097184073594963252e+02 2.358497759940202698e+01
3.800000000000000000e+01 -1.101408014613841289e+02 1.663121998617114627e+01
3.800000000000000000e+01 -1.101408014613843420e+02 -1.663121998617127772e+01
3.800000000000000000e+01 -1.178438329116519867e+02 8.603441064417649623e-14
3.800000000000000000e+01 -1.383979805081426662e+02 -2.540484068119513911e-13
3.800000000000000000e+01 -1.588090044967329959e+02 1.359737790994027674e-13
3.800000000000000000e+01 -1.828798698094624910e+02 2.649654035113965824e-14
3.800000000000000000e+01 -2.516951388883914547e+02 -1.272037184654437898e-13
3.800000000000000000e+01 -2.819379904371065209e+02 8.965846385270088024e-14
3.800000000000000000e+01 -3.108816092283972807e+02 -7.162831250184726741e+02
3.800000000000000000e+01 -3.236646197323997285e+02 -7.162831250184727878e+02
3.800000000000000000e+01 -3.376516936480359732e+02 4.602792334259700056e+02
3.800000000000000000e+01 -3.376516936480369395e+02 -4.602792334259701192e+02
3.800000000000000000e+01 -3.420644038032001504e+02 4.594657829299595164e+02
3.800000000000000000e+01 -3.420644038032007188e+02 -4.594657829299596301e+02
3.800000000000000000e+01 -3.628595285087892535e+02 4.828892221081957814e+02
3.800000000000000000e+01 -3.628595285087897082e+02 -4.828892221081965772e+02
3.800000000000000000e+01 -3.634496888954168412e+02 7.162831250184727878e+02
3.800000000000000000e+01 -3.666546280281684744e+02 -4.856907889765608388e+02
3.800000000000000000e+01 -3.666546280281703503e+02 4.856907889765604409e+02
3.800000000000000000e+01 -3.761217310306203672e+02 -5.694963353262165811e+02
3.800000000000000000e+01 -3.761217310306204240e+02 5.694963353262168084e+02
3.800000000000000000e+01 -3.861110515306065167e+02 6.346432642526607424e+02
3.800000000000000000e+01 -3.861110515306066304e+02 -6.346432642526607424e+02
3.800000000000000000e+01 -3.866092018938438173e+02 -4.459390862497294847e+02
3.800000000000000000e+01 -3.866092018938443857e+02 4.459390862497295416e+02
3.800000000000000000e+01 -3.874392532701019718e+02 5.237491241906092228e+02
3.800000000000000000e+01 -3.874392532701023697e+02 -5.237491241906094501e+02
3.800000000000000000e+01 -3.911980756666808361e+02 -4.496828902893353188e+02
3.800000000000000000e+01 -3.911980756666809498e+02 4.496828902893350914e+02
3.800000000000000000e+01 -3.977082037780396604e+02 1.270532456239597430e+00
3.800000000000000000e+01 -3.977082037780399446e+02 -1.270532456239173547e+00
3.800000000000000000e+01 -3.995273006479184801e+02 -7.498599058338734684e-13
3.800000000000000000e+01 -4.163085328031646668e+02 -1.016985630921188455e-13
3.800000000000000000e+01 -4.185045361907857000e+02 -3.095468352959702863e-14
3.800000000000000000e+01 -4.380542241565983090e+02 -4.976476880390335964e+02
3.800000000000000000e+01 -4.380542241565990480e+02 4.976476880390328006e+02
3.800000000000000000e+01 -4.466017371297537011e+02 -4.534873853268352946e+02
3.800000000000000000e+01 -4.466017371297550085e+02 4.534873853268343282e+02
3.800000000000000000e+01 -4.469097235471461431e+02 -4.461263484361944297e-14
3.800000000000000000e+01 -4.501544122501404672e+02 -5.228576272682978470e+02
3.800000000000000000e+01 -4.501544122501409788e+02 5.228576272682975059e+02
3.800000000000000000e+01 -4.890693254611609291e+02 5.698243372522962318e+02
3.800000000000000000e+01 -4.890693254611616112e+02 -5.698243372522962318e+02
3.800000000000000000e+01 -5.331101406876713327e+02 -4.098576914650742597e-14
3.800000000000000000e+01 -7.575173477749563062e+02 -5.400682489550163154e+02
3.800000000000000000e+01 -7.575173477749563062e+02 5.400682489550143828e+02
3.800000000000000000e+01 -8.036151112975570641e+02 2.689833736184236841e+02
3.800000000000000000e+01 -8.036151112975587694e+02 -2.689833736184257305e+02
3.800000000000000000e+01 -8.807390312693482883e+02 -1.212333798866432696e-12
4.600000000000000000e+01 3.773857819803235203e-01 1.524989605747100718e+01
4.600000000000000000e+01 3.773857819791757162e-01 -1.524989605747075672e+01
4.600000000000000000e+01 7.354117315117029856e-13 -1.747459166988540628e-13
4.600000000000000000e+01 0.000000000000000000e+00 0.000000000000000000e+00
4.600000000000000000e+01 0.000000000000000000e+00 0.000000000000000000e+00
4.600000000000000000e+01 0.000000000000000000e+00 0.000000000000000000e+00
4.600000000000000000e+01 0.000000000000000000e+00 0.000000000000000000e+00
4.600000000000000000e+01 0.000000000000000000e+00 0.000000000000000000e+00
4.600000000000000000e+01 0.000000000000000000e+00 0.000000000000000000e+00
4.600000000000000000e+01 0.000000000000000000e+00 0.000000000000000000e+00
4.600000000000000000e+01 0.000000000000000000e+00 0.000000000000000000e+00
4.600000000000000000e+01 0.000000000000000000e+00 0.000000000000000000e+00
4.600000000000000000e+01 -3.269400007154713125e-04 2.523455065089528215e-01
4.600000000000000000e+01 -3.269400027991762659e-04 -2.523455065089144633e-01
4.600000000000000000e+01 -5.839103409803972225e-04 1.986365022098412203e-01
4.600000000000000000e+01 -5.839103636555931448e-04 -1.986365022099149114e-01
4.600000000000000000e+01 -3.295150355988624158e-03 -6.149301094605638696e+01
4.600000000000000000e+01 -3.295150357027890487e-03 6.149301094605623774e+01
4.600000000000000000e+01 -5.409198587364288761e-03 4.973971882234074826e+01
4.600000000000000000e+01 -5.409198588061776836e-03 -4.973971882234085484e+01
4.600000000000000000e+01 -6.441258335263659769e-03 1.478132393183158079e-13
4.600000000000000000e+01 -6.866600676672362721e-03 8.397900233013042737e+01
4.600000000000000000e+01 -6.866600677231222104e-03 -8.397900233013079685e+01
4.600000000000000000e+01 -7.789670529447762816e-03 -9.349186085542029900e+01
4.600000000000000000e+01 -7.789670530299387143e-03 9.349186085542037006e+01
4.600000000000000000e+01 -1.806437215532775628e-02 3.868416893695327730e+01
4.600000000000000000e+01 -1.806437215562766568e-02 -3.868416893695378178e+01
4.600000000000000000e+01 -1.611776309559564080e+00 -9.425589989900123555e+01
4.600000000000000000e+01 -1.611776309560829512e+00 9.425589989900107923e+01
4.600000000000000000e+01 -1.897091123380726607e+00 -7.610662650253723882e+01
4.600000000000000000e+01 -1.897091123382495192e+00 7.610662650253766515e+01
4.600000000000000000e+01 -2.289173202554841691e+00 5.501398408058532397e+01
4.600000000000000000e+01 -2.289173202555657927e+00 -5.501398408058549450e+01
4.600000000000000000e+01 -2.518201658964426048e+00 4.073469087285384660e+01
4.600000000000000000e+01 -2.518201658965022016e+00 -4.073469087285362633e+01
4.600000000000000000e+01 -3.816597761789074283e+00 -2.184525321488729332e+01
4.600000000000000000e+01 -3.816597761789940257e+00 2.184525321488776939e+01
4.600000000000000000e+01 -1.164994702138070792e+01 1.232102749879963355e+01
4.600000000000000000e+01 -1.164994702138115734e+01 -1.232102749879959624e+01
4.600000000000000000e+01 -1.450262473258918838e+01 -1.637287729819978787e-13
4.600000000000000000e+01 -1.940171295585631839e+01 -7.495712603077717156e-15
4.600000000000000000e+01 -2.164356795416899004e+01 -4.594457694775183651e-16
4.600000000000000000e+01 -3.004552682476280623e+01 1.788497926344497599e-14
4.600000000000000000e+01 -3.633217355759176570e+01 -1.529698352514667260e-14
4.600000000000000000e+01 -4.254027330475211954e+01 1.197154239106431476e-13
4.600000000000000000e+01 -4.396812676434088729e+01 5.065728640130213734e+01
4.600000000000000000e+01 -4.396812676434112177e+01 -5.065728640130183891e+01
4.600000000000000000e+01 -4.805200909186361002e+01 -4.911586372904410780e+01
4.600000000000000000e+01 -4.805200909186439873e+01 4.911586372904423570e+01
4.600000000000000000e+01 -4.821775441850710564e+01 1.801568957800186925e-13
4.600000000000000000e+01 -5.457467903651801322e+01 4.134031654248821142e-13
4.600000000000000000e+01 -5.779738580626397493e+01 -7.396369609690605748e-14
4.600000000000000000e+01 -5.871504335829114751e+01 -3.444881110597421881e-13
4.600000000000000000e+01 -5.894143032390289960e+01 -4.442182571094885191e+01
4.600000000000000000e+01 -5.894143032390306303e+01 4.442182571094876664e+01
4.600000000000000000e+01 -6.225737250246695709e+01 3.721645546856787234e+01
4.600000000000000000e+01 -6.225737250246746157e+01 -3.721645546856786524e+01
4.600000000000000000e+01 -6.768157024911185715e+01 -1.950058923971932856e+01
4.600000000000000000e+01 -6.768157024911228348e+01 1.950058923971947067e+01
4.600000000000000000e+01 -7.034782098167274000e+01 6.648247021960814074e+00
4.600000000000000000e+01 -7.034782098167305264e+01 -6.648247021961153358e+00
4.600000000000000000e+01 -7.222294292284793471e+01 -1.510323321627193654e-14
4.600000000000000000e+01 -9.266360607135105454e+01 -2.861909490581088988e+01
4.600000000000000000e+01 -9.266360607135193561e+01 2.861909490581122384e+01
4.600000000000000000e+01 -9.762724961036572324e+01 -2.690366852174755152e+01
4.600000000000000000e+01 -9.762724961036580851e+01 2.690366852174732770e+01
4.600000000000000000e+01 -1.185922568592665272e+02 -2.476831431279870088e+01
4.600000000000000000e+01 -1.185922568592672377e+02 2.476831431279885365e+01
4.600000000000000000e+01 -1.204646689049636592e+02 2.230742902877373979e+01
4.600000000000000000e+01 -1.204646689049638013e+02 -2.230742902877364742e+01
4.600000000000000000e+01 -1.292168037835891994e+02 -2.806273190749451274e+01
4.600000000000000000e+01 -1.292168037835897962e+02 2.806273190749372759e+01
4.600000000000000000e+01 -1.320697399439862920e+02 3.239701206058701138e-14
4.600000000000000000e+01 -1.398060246873373558e+02 -2.205058019245211653e+01
4.600000000000000000e+01 -1.398060246873378105e+02 2.205058019245182876e+01
4.600000000000000000e+01 -1.441236744421471485e+02 -1.971069479908237909e+01
4.600000000000000000e+01 -1.441236744421474611e+02 1.971069479908269884e+01
4.600000000000000000e+01 -1.564229984670751605e+02 2.281317294131211486e-13
4.600000000000000000e+01 -1.786399533633139640e+02 -6.985606884799778094e+00
4.600000000000000000e+01 -1.786399533633140777e+02 6.985606884799437921e+00
4.600000000000000000e+01 -2.072530072036336719e+02 -2.968692647635841938e-13
4.600000000000000000e+01 -2.429397102265570538e+02 3.014657173214426024e-13
4.600000000000000000e+01 -2.612852784403676765e+02 9.811881930227441583e-14
4.600000000000000000e+01 -2.942106748375872485e+02 -3.560552191010688169e-13
4.600000000000000000e+01 -3.601342902195640931e+02 -8.670795723907829142e+02
4.600000000000000000e+01 -4.091047373494944850e+02 -5.563465428917011195e+02
4.600000000000000000e+01 -4.091047373494961334e+02 5.563465428916996416e+02
4.600000000000000000e+01 -4.172865415421329089e+02 5.591912762034190791e+02
4.600000000000000000e+01 -4.172865415421348985e+02 -5.591912762034194202e+02
4.600000000000000000e+01 -4.196159024521707011e+02 -6.528076767115863959e+02
4.600000000000000000e+01 -4.196159024521716674e+02 6.528076767115869643e+02
4.600000000000000000e+01 -4.335712076360857168e+02 5.704341390428763816e+02
4.600000000000000000e+01 -4.335712076360870242e+02 -5.704341390428771774e+02
4.600000000000000000e+01 -4.364126214571097648e+02 5.814633543084692064e+02
4.600000000000000000e+01 -4.364126214571099354e+02 -5.814633543084696612e+02
4.600000000000000000e+01 -4.470337580601909622e+02 -8.670795723907828005e+02
4.600000000000000000e+01 -4.560696281938646734e+02 5.698087982629009502e+02
4.600000000000000000e+01 -4.560696281938651850e+02 -5.698087982628999271e+02
4.600000000000000000e+01 -4.821108637520650859e+02 -6.765903682058097779e+00
4.600000000000000000e+01 -4.821108637520658249e+02 6.765903682058223012e+00
4.600000000000000000e+01 -4.826055139626165555e+02 8.101474067685710102e-14
4.600000000000000000e+01 -4.835748351618983065e+02 -5.283522651633638816e+02
4.600000000000000000e+01 -4.835748351618988181e+02 5.283522651633628584e+02
4.600000000000000000e+01 -4.978404938773172717e+02 -2.559526061396559288e-13
4.600000000000000000e+01 -4.999495740013335308e+02 -8.670795723907824595e+02
4.600000000000000000e+01 -5.008668942597893761e+02 6.001933774727128821e+02
4.600000000000000000e+01 -5.008668942597896603e+02 -6.001933774727134505e+02
4.600000000000000000e+01 -5.132468210584027020e+02 9.682371168813671388e-14
4.600000000000000000e+01 -5.353419176253896694e+02 -7.374315315393230321e+02
4.600000000000000000e+01 -5.353419176253898968e+02 7.374315315393230321e+02
4.600000000000000000e+01 -5.378129842389846544e+02 6.178853865062631030e+02
4.600000000000000000e+01 -5.378129842389855639e+02 -6.178853865062628756e+02
4.600000000000000000e+01 -5.392731549114575955e+02 -8.670795723907829142e+02
4.600000000000000000e+01 -5.419240682886260174e+02 -6.358024172096391063e-13
4.600000000000000000e+01 -5.520344197063259344e+02 -7.023378497761158314e+02
4.600000000000000000e+01 -5.520344197063261618e+02 7.023378497761160588e+02
4.600000000000000000e+01 -5.956559954313545404e+02 6.269006883256860192e+02
4.600000000000000000e+01 -5.956559954313546541e+02 -6.269006883256867013e+02
4.600000000000000000e+01 -6.715747788616630487e+02 8.670795723907825732e+02
4.600000000000000000e+01 -6.724928608296031598e+02 2.118714749609515146e-13
4.600000000000000000e+01 -7.073614768054558226e+02 5.885612885211280627e+02
4.600000000000000000e+01 -7.073614768054567321e+02 -5.885612885211276080e+02
4.600000000000000000e+01 -8.633864473522438630e+02 8.670795723907822321e+02
4.600000000000000000e+01 -9.023484203733166851e+02 -8.670795723907822321e+02
4.600000000000000000e+01 -9.063581698369550850e+02 -1.045178560777962258e-13
4.800000000000000000e+01 8.522532997118865694e-01 -1.515696803335632836e+01
4.800000000000000000e+01 8.522532997117171494e-01 1.515696803335674936e+01
4.800000000000000000e+01 3.197442310920449322e-13 1.897801780644710455e-13
4.800000000000000000e+01 0.000000000000000000e+00 0.000000000000000000e+00
4.800000000000000000e+01 0.000000000000000000e+00 0.000000000000000000e+00
4.800000000000000000e+01 0.000000000000000000e+00 0.000000000000000000e+00
4.800000000000000000e+01 0.000000000000000000e+00 0.000000000000000000e+00
4.800000000000000000e+01 0.000000000000000000e+00 0.000000000000000000e+00
4.800000000000000000e+01 0.000000000000000000e+00 0.000000000000000000e+00
4.800000000000000000e+01 0.000000000000000000e+00 0.000000000000000000e+00
4.800000000000000000e+01 0.000000000000000000e+00 0.000000000000000000e+00
4.800000000000000000e+01 0.000000000000000000e+00 0.000000000000000000e+00
4.800000000000000000e+01 -1.578639371413886362e-04 2.432541301551077451e-01
4.800000000000000000e+01 -1.578639448470323765e-04 -2.432541301553435842e-01
4.800000000000000000e+01 -5.552232676134678238e-04 -1.902168982983264145e-01
4.800000000000000000e+01 -5.552232743282484650e-04 1.902168982981186640e-01
4.800000000000000000e+01 -3.176359947274773072e-03 -6.151374253585054674e+01
4.800000000000000000e+01 -3.176359949014505562e-03 6.151374253585096596e+01
4.800000000000000000e+01 -5.199685988505869938e-03 4.974990470326343228e+01
4.800000000000000000e+01 -5.199685989490484238e-03 -4.974990470326374492e+01
4.800000000000000000e+01 -5.814207001981577284e-03 -1.542533441352007151e-13
4.800000000000000000e+01 -6.635706788781688299e-03 -8.403171270130563641e+01
4.800000000000000000e+01 -6.635706788966998400e-03 8.403171270130556536e+01
4.800000000000000000e+01 -7.499212309847263190e-03 9.356449638632490462e+01
4.800000000000000000e+01 -7.499212310949312198e-03 -9.356449638632493304e+01
4.800000000000000000e+01 -1.729966625334648442e-02 3.869084193698873975e+01
4.800000000000000000e+01 -1.729966625337817435e-02 -3.869084193698873975e+01
4.800000000000000000e+01 -1.696454029723035939e+00 9.436917701532205172e+01
4.800000000000000000e+01 -1.696454029723450052e+00 -9.436917701532253488e+01
4.800000000000000000e+01 -2.011357423681217504e+00 -7.617636213920954447e+01
4.800000000000000000e+01 -2.011357423681364498e+00 7.617636213920962973e+01
4.800000000000000000e+01 -2.429257713585561973e+00 -5.508476881152000715e+01
4.800000000000000000e+01 -2.429257713585792455e+00 5.508476881151967319e+01
4.800000000000000000e+01 -2.691715366951975330e+00 4.063143490345024844e+01
4.800000000000000000e+01 -2.691715366952959876e+00 -4.063143490345065345e+01
4.800000000000000000e+01 -4.035923772213537930e+00 2.188032286034107798e+01
4.800000000000000000e+01 -4.035923772214085048e+00 -2.188032286034072627e+01
4.800000000000000000e+01 -1.281037632222395040e+01 -1.267679090669479969e+01
4.800000000000000000e+01 -1.281037632222416178e+01 1.267679090669453856e+01
4.800000000000000000e+01 -1.508129134068379784e+01 -1.500349780355818605e-13
4.800000000000000000e+01 -1.980194469525642731e+01 9.003420039443645460e-15
4.800000000000000000e+01 -2.263500923471575632e+01 4.260874078807009486e-14
4.800000000000000000e+01 -3.137387361043177947e+01 -1.236565539387240133e-13
4.800000000000000000e+01 -3.783392729567827928e+01 1.262644513998545812e-13
4.800000000000000000e+01 -4.429879747062274475e+01 -1.655603151904096699e-13
4.800000000000000000e+01 -4.588764544863771988e+01 -5.264463055316979734e+01
4.800000000000000000e+01 -4.588764544863857964e+01 5.264463055317030893e+01
4.800000000000000000e+01 -5.020694822524966838e+01 5.711351244124536622e-14
4.800000000000000000e+01 -5.037403744648202064e+01 -5.120658473020346690e+01
4.800000000000000000e+01 -5.037403744648233328e+01 5.120658473020341006e+01
4.800000000000000000e+01 -5.674276050813315919e+01 -1.610125810700861223e-14
4.800000000000000000e+01 -5.997484940305734114e+01 -2.402015610046916567e-14
4.800000000000000000e+01 -6.123218750018222778e+01 8.476884328042714107e-14
4.800000000000000000e+01 -6.281976959950512196e+01 4.513380636659100276e+01
4.800000000000000000e+01 -6.281976959950544881e+01 -4.513380636659167067e+01
4.800000000000000000e+01 -6.517354557783531277e+01 -3.830614535948696897e+01
4.800000000000000000e+01 -6.517354557783582436e+01 3.830614535948717503e+01
4.800000000000000000e+01 -7.043435968625367138e+01 -2.016242985020134881e+01
4.800000000000000000e+01 -7.043435968625372823e+01 2.016242985020124934e+01
4.800000000000000000e+01 -7.369970646898352129e+01 6.689599632231010062e+00
4.800000000000000000e+01 -7.369970646898362077e+01 -6.689599632230899040e+00
4.800000000000000000e+01 -7.702039012764171844e+01 9.593928703112636395e-15
4.800000000000000000e+01 -9.702925296716870207e+01 2.896386379751625384e+01
4.800000000000000000e+01 -9.702925296716946946e+01 -2.896386379751612949e+01
4.800000000000000000e+01 -1.024095556353910865e+02 2.773954164857888216e+01
4.800000000000000000e+01 -1.024095556353914418e+02 -2.773954164857923033e+01
4.800000000000000000e+01 -1.254481146457101062e+02 -2.349173251259517770e+01
4.800000000000000000e+01 -1.254481146457112004e+02 2.349173251259546191e+01
4.800000000000000000e+01 -1.255778234405615024e+02 2.796906345320372367e+01
4.800000000000000000e+01 -1.255778234405617155e+02 -2.796906345320340392e+01
4.800000000000000000e+01 -1.337127958506822267e+02 -2.585579333037651750e+01
4.800000000000000000e+01 -1.337127958506826531e+02 2.585579333037697225e+01
4.800000000000000000e+01 -1.390333480199526548e+02 2.512868522710841553e-14
4.800000000000000000e+01 -1.451112576488007733e+02 2.200050153600752267e+01
4.800000000000000000e+01 -1.451112576488009154e+02 -2.200050153600741254e+01
4.800000000000000000e+01 -1.567346341111393997e+02 1.652187820930945250e+01
4.800000000000000000e+01 -1.567346341111397976e+02 -1.652187820930934592e+01
4.800000000000000000e+01 -1.699958577691866140e+02 -8.586237824710416640e-14
4.800000000000000000e+01 -1.900068215011594361e+02 -1.134120549511586162e+01
4.800000000000000000e+01 -1.900068215011602888e+02 1.134120549511617959e+01
4.800000000000000000e+01 -2.195254726760363155e+02 1.211479595325365094e-13
4.800000000000000000e+01 -2.669833495311173692e+02 -1.103869823979608617e-13
4.800000000000000000e+01 -2.723992399091218886e+02 -1.512124007462461756e-13
4.800000000000000000e+01 -2.899882088660867225e+02 -3.717746648542448453e-15
4.800000000000000000e+01 -3.770871966105713682e+02 9.047786842338603037e+02
4.800000000000000000e+01 -4.266264800907450763e+02 5.803034538905488944e+02
4.800000000000000000e+01 -4.266264800907464405e+02 -5.803034538905491218e+02
4.800000000000000000e+01 -4.338400245762764484e+02 -6.763171219361986459e+02
4.800000000000000000e+01 -4.338400245762779832e+02 6.763171219361980775e+02
4.800000000000000000e+01 -4.376296171972817888e+02 5.832809617114817229e+02
4.800000000000000000e+01 -4.376296171972829825e+02 -5.832809617114813818e+02
4.800000000000000000e+01 -4.463507916278924768e+02 -5.935923153848674474e+02
4.800000000000000000e+01 -4.463507916278939547e+02 5.935923153848674474e+02
4.800000000000000000e+01 -4.567453612607041009e+02 6.058489331658606716e+02
4.800000000000000000e+01 -4.567453612607055220e+02 -6.058489331658604442e+02
4.800000000000000000e+01 -4.781282179780274646e+02 -9.047786842338600763e+02
4.800000000000000000e+01 -4.869080961860821617e+02 -6.076315919696219225e+02
4.800000000000000000e+01 -4.869080961860829007e+02 6.076315919696219225e+02
4.800000000000000000e+01 -5.024254825385104937e+02 -5.492845567287625954e+02
4.800000000000000000e+01 -5.024254825385107210e+02 5.492845567287625954e+02
4.800000000000000000e+01 -5.034645263760825173e+02 7.388432243004037225e+00
4.800000000000000000e+01 -5.034645263760827447e+02 -7.388432243003620670e+00
4.800000000000000000e+01 -5.042575046457012604e+02 2.212036433146964825e-14
4.800000000000000000e+01 -5.194311808954023491e+02 -2.571226315025392641e-13
4.800000000000000000e+01 -5.277345007787769191e+02 -7.884415236022016416e+02
4.800000000000000000e+01 -5.277345007787791928e+02 7.884415236022014142e+02
4.800000000000000000e+01 -5.286738304704584834e+02 6.155700252783436781e+02
4.800000000000000000e+01 -5.286738304704600750e+02 -6.155700252783425412e+02
4.800000000000000000e+01 -5.312367596209267049e+02 9.047786842338604174e+02
4.800000000000000000e+01 -5.380702329751902653e+02 -6.839132227465180820e-14
4.800000000000000000e+01 -5.592216602004994002e+02 -6.691375878043867260e+02
4.800000000000000000e+01 -5.592216602004996275e+02 6.691375878043864986e+02
4.800000000000000000e+01 -5.655017695315996207e+02 -2.847593581226849781e-13
4.800000000000000000e+01 -6.108470921989510316e+02 7.526975221998894767e+02
4.800000000000000000e+01 -6.108470921989512590e+02 -7.526975221998891357e+02
4.800000000000000000e+01 -6.302442960615684342e+02 8.218166006456517607e+02
4.800000000000000000e+01 -6.302442960615701395e+02 -8.218166006456517607e+02
4.800000000000000000e+01 -6.509030213581482940e+02 6.568522734486311947e+02
4.800000000000000000e+01 -6.509030213581482940e+02 -6.568522734486316494e+02
4.800000000000000000e+01 -7.083208943109068514e+02 -6.110647251039075464e-14
4.800000000000000000e+01 -7.373673039658087873e+02 6.126796503584702123e+02
4.800000000000000000e+01 -7.373673039658100379e+02 -6.126796503584710081e+02
4.800000000000000000e+01 -8.642082015352278859e+02 9.047786842338603037e+02
4.800000000000000000e+01 -8.984459525893030332e+02 -9.047786842338603037e+02
4.800000000000000000e+01 -9.428892704456536649e+02 1.237156195293907092e-13
3.200000000000000000e+01 1.321609488513782105e-12 2.035340125390934080e-13
3.200000000000000000e+01 0.000000000000000000e+00 0.000000000000000000e+00
3.200000000000000000e+01 0.000000000000000000e+00 0.000000000000000000e+00
3.200000000000000000e+01 0.000000000000000000e+00 0.000000000000000000e+00
3.200000000000000000e+01 0.000000000000000000e+00 0.000000000000000000e+00
3.200000000000000000e+01 0.000000000000000000e+00 0.000000000000000000e+00
3.200000000000000000e+01 0.000000000000000000e+00 0.000000000000000000e+00
3.200000000000000000e+01 0.000000000000000000e+00 0.000000000000000000e+00
3.200000000000000000e+01 0.000000000000000000e+00 0.000000000000000000e+00
3.200000000000000000e+01 0.000000000000000000e+00 0.000000000000000000e+00
3.200000000000000000e+01 -9.700270034918654759e-04 -2.842438397899130775e-01
3.200000000000000000e+01 -9.700270315443995130e-04 2.842438397898222613e-01
3.200000000000000000e+01 -3.821702270726026404e-03 3.515944081599753357e-01
3.200000000000000000e+01 -3.821702273198894668e-03 -3.515944081599065019e-01
3.200000000000000000e+01 -4.537272318595493049e-03 -6.122525175416328125e+01
3.200000000000000000e+01 -4.537272319104501683e-03 6.122525175416330256e+01
3.200000000000000000e+01 -6.762304957052839988e-03 4.960244568124093689e+01
3.200000000000000000e+01 -6.762304957286167234e-03 -4.960244568124088005e+01
3.200000000000000000e+01 -9.180556616118195831e-03 -8.330113568395624668e+01
3.200000000000000000e+01 -9.180556616499805506e-03 8.330113568395593404e+01
3.200000000000000000e+01 -1.070661614598104015e-02 -9.256157202624012825e+01
3.200000000000000000e+01 -1.070661614680661761e-02 9.256157202624034142e+01
3.200000000000000000e+01 -1.620330790622315567e-02 -3.246594332397936433e-13
3.200000000000000000e+01 -1.721561586825176571e-02 -3.860557600514894716e+01
3.200000000000000000e+01 -1.721561586834449709e-02 3.860557600514903243e+01
3.200000000000000000e+01 -1.135775141932330756e+00 -9.303074885987319931e+01
3.200000000000000000e+01 -1.135775141932469534e+00 9.303074885987274456e+01
3.200000000000000000e+01 -1.208018905505912732e+00 7.534990805440259010e+01
3.200000000000000000e+01 -1.208018905506425433e+00 -7.534990805440268957e+01
3.200000000000000000e+01 -1.387291939852441036e+00 5.439697669947297243e+01
3.200000000000000000e+01 -1.387291939852736355e+00 -5.439697669947288716e+01
3.200000000000000000e+01 -1.448743459322553440e+00 4.121144218900482059e+01
3.200000000000000000e+01 -1.448743459322666016e+00 -4.121144218900470690e+01
3.200000000000000000e+01 -1.812208231940077185e+00 1.817220581599855578e+01
3.200000000000000000e+01 -1.812208231940450887e+00 -1.817220581599826090e+01
3.200000000000000000e+01 -2.336299814573743028e+00 -2.153571177058823238e+01
3.200000000000000000e+01 -2.336299814574226197e+00 2.153571177058837804e+01
3.200000000000000000e+01 -5.242433452348696399e+00 7.482722467161393887e+00
3.200000000000000000e+01 -5.242433452348758571e+00 -7.482722467161489810e+00
3.200000000000000000e+01 -1.027590112643635578e+01 1.340509963049028599e-13
3.200000000000000000e+01 -1.483743793756342733e+01 -6.717321990345073968e-14
3.200000000000000000e+01 -1.518832716161356799e+01 -1.037481068824693111e-14
3.200000000000000000e+01 -2.082498484988760978e+01 3.716222245036857965e-14
3.200000000000000000e+01 -2.579561179431953377e+01 -1.130305963752996470e-13
3.200000000000000000e+01 -2.988774924204064476e+01 -3.739826384927556546e+01
3.200000000000000000e+01 -2.988774924204090411e+01 3.739826384927577863e+01
3.200000000000000000e+01 -2.998438014413016006e+01 2.095236548291122977e-14
3.200000000000000000e+01 -3.220344215218569417e+01 3.474998333802416539e+01
3.200000000000000000e+01 -3.220344215218576522e+01 -3.474998333802446382e+01
3.200000000000000000e+01 -3.485105962134189639e+01 3.349270830270332766e+01
3.200000000000000000e+01 -3.485105962134259983e+01 -3.349270830270317845e+01
3.200000000000000000e+01 -3.579257191498233226e+01 -7.821190340984101463e-14
3.200000000000000000e+01 -3.719208211785701934e+01 -1.675184255445373433e-14
3.200000000000000000e+01 -3.886424688708590480e+01 -7.085391584573866426e-14
3.200000000000000000e+01 -3.980084417546789410e+01 -3.093369504177741192e+01
3.200000000000000000e+01 -3.980084417546811437e+01 3.093369504177763929e+01
3.200000000000000000e+01 -4.344717466980745968e+01 -3.263266910424869494e+00
3.200000000000000000e+01 -4.344717466980799259e+01 3.263266910424805545e+00
3.200000000000000000e+01 -4.645429386387892379e+01 1.069419401459204794e-22
3.200000000000000000e+01 -5.062340934148164706e+01 2.590623519522937812e+01
3.200000000000000000e+01 -5.062340934148205918e+01 -2.590623519522961260e+01
3.200000000000000000e+01 -5.126643069121480778e+01 -1.418701844116500510e+01
3.200000000000000000e+01 -5.126643069121519858e+01 1.418701844116487720e+01
3.200000000000000000e+01 -5.157716079890816729e+01 1.534042788682128844e+01
3.200000000000000000e+01 -5.157716079890833782e+01 -1.534042788682126357e+01
3.200000000000000000e+01 -5.826709197774610516e+01 1.075796250774474672e+01
3.200000000000000000e+01 -5.826709197774642490e+01 -1.075796250774467211e+01
3.200000000000000000e+01 -7.263489929645925258e+01 -2.765034415702673343e+01
3.200000000000000000e+01 -7.263489929645935206e+01 2.765034415702641368e+01
3.200000000000000000e+01 -8.267477280294103537e+01 2.497835631397590461e+01
3.200000000000000000e+01 -8.267477280294109221e+01 -2.497835631397575185e+01
3.200000000000000000e+01 -8.463869632183185843e+01 2.321204317481922530e+01
3.200000000000000000e+01 -8.463869632183207159e+01 -2.321204317481949175e+01
3.200000000000000000e+01 -8.590666413110250232e+01 7.120856933715726308e-14
3.200000000000000000e+01 -8.754574036379914048e+01 -8.011116493443244122e-14
3.200000000000000000e+01 -8.934776596838247542e+01 8.388771340061978776e+00
3.200000000000000000e+01 -8.934776596838258911e+01 -8.388771340061715875e+00
3.200000000000000000e+01 -9.250359744314927468e+01 -1.952714391844256109e-14
3.200000000000000000e+01 -9.585571932187841071e+01 7.720913487814367038e+00
3.200000000000000000e+01 -9.585571932187845334e+01 -7.720913487814007325e+00
3.200000000000000000e+01 -1.372162496574006241e+02 2.213118307410265805e-13
3.200000000000000000e+01 -1.553321826511531754e+02 -8.344707441833390695e-14
3.200000000000000000e+01 -2.345800511674070208e+02 -5.394781266436795022e+02
3.200000000000000000e+01 -2.345800511674070776e+02 5.394781266436800706e+02
3.200000000000000000e+01 -2.507862903641643015e+02 -5.660670306722461191e+02
3.200000000000000000e+01 -2.507862903641644152e+02 5.660670306722463465e+02
3.200000000000000000e+01 -2.601312734280658105e+02 1.505964192389466288e-13
3.200000000000000000e+01 -2.609190377432136074e+02 -4.230426150538643670e-14
3.200000000000000000e+01 -2.827016148556008375e+02 -3.865059002814517157e+02
3.200000000000000000e+01 -2.827016148556009512e+02 3.865059002814516589e+02
3.200000000000000000e+01 -2.864930581173854875e+02 3.855786718065569403e+02
3.200000000000000000e+01 -2.864930581173856012e+02 -3.855786718065569403e+02
3.200000000000000000e+01 -2.869719432922498186e+02 6.031857894892400509e+02
3.200000000000000000e+01 -3.070780225453323169e+02 -4.265670153665562339e+02
3.200000000000000000e+01 -3.070780225453324874e+02 4.265670153665563475e+02
3.200000000000000000e+01 -3.129568237438514871e+02 -3.897757310518100553e+02
3.200000000000000000e+01 -3.129568237438517144e+02 3.897757310518103395e+02
3.200000000000000000e+01 -3.200464946745244106e+02 -3.975449515167024401e+02
3.200000000000000000e+01 -3.200464946745250927e+02 3.975449515167019854e+02
3.200000000000000000e+01 -3.305177446197056952e+02 -3.817329936607666241e+02
3.200000000000000000e+01 -3.305177446197065478e+02 3.817329936607665672e+02
3.200000000000000000e+01 -3.368009319510380237e+02 -7.957764412834638970e-14
3.200000000000000000e+01 -3.380191305550802099e+02 -2.330143638597352608e-13
3.200000000000000000e+01 -3.388693396723455180e+02 -3.842568606408029268e+02
3.200000000000000000e+01 -3.388693396723459728e+02 3.842568606408028700e+02
3.200000000000000000e+01 -3.428344189317758719e+02 2.553721580818228087e+00
3.200000000000000000e+01 -3.428344189317762698e+02 -2.553721580818249848e+00
3.200000000000000000e+01 -3.499835184106839279e+02 6.031857894892402783e+02
3.200000000000000000e+01 -3.539346730793848792e+02 -2.003457747147360162e-13
3.200000000000000000e+01 -3.649291722909227929e+02 4.535844969682852934e+02
3.200000000000000000e+01 -3.649291722909234750e+02 -4.535844969682847250e+02
3.200000000000000000e+01 -3.712410250636054343e+02 3.449826226238409959e+02
3.200000000000000000e+01 -3.712410250636060596e+02 -3.449826226238417348e+02
3.200000000000000000e+01 -3.718017412250554230e+02 4.221729765850616836e-13
3.200000000000000000e+01 -3.800004506271774858e+02 -4.203550562844079650e+02
3.200000000000000000e+01 -3.800004506271778837e+02 4.203550562844073966e+02
3.200000000000000000e+01 -4.126807794004976131e+02 -4.179473208220622382e+02
3.200000000000000000e+01 -4.126807794004982384e+02 4.179473208220621245e+02
3.200000000000000000e+01 -4.236894610483266206e+02 9.238088920926436744e-14
3.200000000000000000e+01 -5.463034034599720599e+02 1.870306151113062185e+02
3.200000000000000000e+01 -5.463034034599725146e+02 -1.870306151113061901e+02
3.200000000000000000e+01 -5.839966419876031978e+02 2.368818239890281063e+02
3.200000000000000000e+01 -5.839966419876038799e+02 -2.368818239890285895e+02
3.200000000000000000e+01 -6.111038826887290725e+02 -6.031857894892398235e+02
3.200000000000000000e+01 -9.400863187110630861e+02 -6.031857894892383456e+02
3.600000000000000000e+01 0.000000000000000000e+00 0.000000000000000000e+00
3.600000000000000000e+01 0.000000000000000000e+00 0.000000000000000000e+00
3.600000000000000000e+01 0.000000000000000000e+00 0.000000000000000000e+00
3.600000000000000000e+01 0.000000000000000000e+00 0.000000000000000000e+00
3.600000000000000000e+01 0.000000000000000000e+00 0.000000000000000000e+00
3.600000000000000000e+01 0.000000000000000000e+00 0.000000000000000000e+00
3.600000000000000000e+01 0.000000000000000000e+00 0.000000000000000000e+00
3.600000000000000000e+01 0.000000000000000000e+00 0.000000000000000000e+00
3.600000000000000000e+01 0.000000000000000000e+00 0.000000000000000000e+00
3.600000000000000000e+01 -4.556355293061645471e-13 -2.369614039692570497e-13
3.600000000000000000e+01 -8.187888692708783500e-04 2.531757144990300912e-01
3.600000000000000000e+01 -8.187888720287093145e-04 -2.531757144990091635e-01
3.600000000000000000e+01 -2.153787736581953306e-03 3.149577215665228525e-01
3.600000000000000000e+01 -2.153787738692157245e-03 -3.149577215666128915e-01
3.600000000000000000e+01 -4.085713866978713145e-03 6.133364736874163725e+01
3.600000000000000000e+01 -4.085713867014278446e-03 -6.133364736874116829e+01
3.600000000000000000e+01 -6.396693707678964211e-03 -4.965882950705865539e+01
3.600000000000000000e+01 -6.396693708519335386e-03 4.965882950705863408e+01
3.600000000000000000e+01 -8.359753889186289852e-03 8.357438819366721816e+01
3.600000000000000000e+01 -8.359753889431416687e-03 -8.357438819366718974e+01
3.600000000000000000e+01 -9.671912799171464639e-03 -9.293590645222420221e+01
3.600000000000000000e+01 -9.671912799569849090e-03 9.293590645222408853e+01
3.600000000000000000e+01 -1.190767904760079744e-02 2.797956104641494488e-13
3.600000000000000000e+01 -1.852850625863598430e-02 -3.863591504987640946e+01
3.600000000000000000e+01 -1.852850625938879531e-02 3.863591504987628866e+01
3.600000000000000000e+01 -1.246080101377884608e+00 9.348841941949881118e+01
3.600000000000000000e+01 -1.246080101378194138e+00 -9.348841941949905276e+01
3.600000000000000000e+01 -1.380746707146485175e+00 -7.563182685554922102e+01
3.600000000000000000e+01 -1.380746707147095131e+00 7.563182685554951945e+01
3.600000000000000000e+01 -1.627394379501514665e+00 5.460152146489511438e+01
3.600000000000000000e+01 -1.627394379501858834e+00 -5.460152146489552649e+01
3.600000000000000000e+01 -1.726531360316731378e+00 -4.112190054320810617e+01
3.600000000000000000e+01 -1.726531360317221431e+00 4.112190054320836907e+01
3.600000000000000000e+01 -1.791918184464284192e+00 1.717990938861618133e+01
3.600000000000000000e+01 -1.791918184464738273e+00 -1.717990938861596462e+01
3.600000000000000000e+01 -2.747983488531827057e+00 -2.163826066469597009e+01
3.600000000000000000e+01 -2.747983488532218299e+00 2.163826066469572140e+01
3.600000000000000000e+01 -6.381071169020835931e+00 -9.049404626874343549e+00
3.600000000000000000e+01 -6.381071169021104161e+00 9.049404626874423485e+00
3.600000000000000000e+01 -1.151999528407056950e+01 -5.085551914438864093e-14
3.600000000000000000e+01 -1.661076277786208522e+01 -9.226381752741920222e-14
3.600000000000000000e+01 -1.675198090361055137e+01 -4.673616848013372789e-14
3.600000000000000000e+01 -2.344592732164626270e+01 -1.162101553234816359e-13
3.600000000000000000e+01 -2.881955217513574041e+01 5.458419921553276027e-14
3.600000000000000000e+01 -3.361930226094023055e+01 3.181013935885562199e-13
3.600000000000000000e+01 -3.418431595630710262e+01 -4.123662745312253008e+01
3.600000000000000000e+01 -3.418431595630737263e+01 4.123662745312261535e+01
3.600000000000000000e+01 -3.685925571209617857e+01 3.868978026735128850e+01
3.600000000000000000e+01 -3.685925571209622120e+01 -3.868978026735106823e+01
3.600000000000000000e+01 -3.872285367026910308e+01 -3.966747914166842581e-15
3.600000000000000000e+01 -4.083829002776298722e+01 3.750767110644705582e+01
3.600000000000000000e+01 -4.083829002776398909e+01 -3.750767110644722635e+01
3.600000000000000000e+01 -4.339558603255365199e+01 -3.729271020372426524e-13
3.600000000000000000e+01 -4.428495467999893975e+01 -1.075281335593196220e-13
3.600000000000000000e+01 -4.750923239786436625e+01 3.298021017554954426e+01
3.600000000000000000e+01 -4.750923239786473573e+01 -3.298021017554972900e+01
3.600000000000000000e+01 -4.860024617300163641e+01 -3.007680144380731058e+00
3.600000000000000000e+01 -4.860024617300202721e+01 3.007680144380934006e+00
3.600000000000000000e+01 -5.380733866369106266e+01 9.451834386409432927e-14
3.600000000000000000e+01 -5.500036686617294635e+01 -1.728943486949409447e+01
3.600000000000000000e+01 -5.500036686617316661e+01 1.728943486949391328e+01
3.600000000000000000e+01 -6.089325458611161679e+01 -1.159263849743306984e+01
3.600000000000000000e+01 -6.089325458611163100e+01 1.159263849743295971e+01
3.600000000000000000e+01 -6.684379355348323770e+01 -2.679567525365032310e+01
3.600000000000000000e+01 -6.684379355348470142e+01 2.679567525365001757e+01
3.600000000000000000e+01 -6.879109698426840680e+01 -1.898503002532704187e+01
3.600000000000000000e+01 -6.879109698426925945e+01 1.898503002532707029e+01
3.600000000000000000e+01 -8.706134440010457354e+01 3.032877371751157369e+01
3.600000000000000000e+01 -8.706134440010497144e+01 -3.032877371751177265e+01
3.600000000000000000e+01 -9.562894385553519783e+01 2.694956978725799601e+01
3.600000000000000000e+01 -9.562894385553538257e+01 -2.694956978725788943e+01
3.600000000000000000e+01 -1.009338050942893261e+02 6.907897843171903843e-14
3.600000000000000000e+01 -1.010746798620613873e+02 -2.489455789863004398e+01
3.600000000000000000e+01 -1.010746798620620837e+02 2.489455789863030333e+01
3.600000000000000000e+01 -1.021002528417128303e+02 6.250654788483902102e+00
3.600000000000000000e+01 -1.021002528417133703e+02 -6.250654788484030888e+00
3.600000000000000000e+01 -1.031715626344251859e+02 1.402861131890183444e+01
3.600000000000000000e+01 -1.031715626344253423e+02 -1.402861131890194812e+01
3.600000000000000000e+01 -1.091549604918208018e+02 -8.917366252695187489e-14
3.600000000000000000e+01 -1.237842983394083234e+02 -1.199622827075985702e-13
3.600000000000000000e+01 -1.516447575130906955e+02 8.712294374778096006e-14
3.600000000000000000e+01 -1.737803634169032421e+02 1.910115967610245675e-13
3.600000000000000000e+01 -2.539437443285819995e+02 1.267137626983125869e-13
3.600000000000000000e+01 -2.756417695661857010e+02 1.289373097343716912e-14
3.600000000000000000e+01 -3.038029992142970173e+02 6.785840131753952846e+02
3.600000000000000000e+01 -3.114929070920036338e+02 6.785840131753952846e+02
3.600000000000000000e+01 -3.193107563738994372e+02 4.359130902014940716e+02
3.600000000000000000e+01 -3.193107563739001762e+02 -4.359130902014932758e+02
3.600000000000000000e+01 -3.234920204599395106e+02 4.347728166419475997e+02
3.600000000000000000e+01 -3.234920204599401359e+02 -4.347728166419462354e+02
3.600000000000000000e+01 -3.325416661978767365e+02 6.211380753647036954e+02
3.600000000000000000e+01 -3.325416661978769071e+02 -6.211380753647041502e+02
3.600000000000000000e+01 -3.452180837314434143e+02 -6.785840131753951709e+02
3.600000000000000000e+01 -3.512839680008684695e+02 4.715055205301737828e+02
3.600000000000000000e+01 -3.512839680008690948e+02 -4.715055205301741807e+02
3.600000000000000000e+01 -3.527268264744465682e+02 -5.758724942353115921e+02
3.600000000000000000e+01 -3.527268264744466251e+02 5.758724942353123879e+02
3.600000000000000000e+01 -3.540537214337078353e+02 -4.594911376634424869e+02
3.600000000000000000e+01 -3.540537214337083469e+02 4.594911376634428279e+02
3.600000000000000000e+01 -3.578732559197176215e+02 4.580313037076581395e+02
3.600000000000000000e+01 -3.578732559197195542e+02 -4.580313037076576848e+02
3.600000000000000000e+01 -3.698300823609425265e+02 4.226797713195362576e+02
3.600000000000000000e+01 -3.698300823609431518e+02 -4.226797713195362576e+02
3.600000000000000000e+01 -3.717211154740718939e+02 -4.236594761929849255e+02
3.600000000000000000e+01 -3.717211154740723487e+02 4.236594761929845845e+02
3.600000000000000000e+01 -3.759278752872398854e+02 -1.096115086599129878e-13
3.600000000000000000e+01 -3.788978524403458437e+02 9.389219485529461869e-14
3.600000000000000000e+01 -3.789261254087302291e+02 -7.391813509169580661e-14
3.600000000000000000e+01 -3.950107849210130553e+02 1.529429892997584990e-13
3.600000000000000000e+01 -3.964296470263222432e+02 9.976452903618607939e-14
3.600000000000000000e+01 -4.072747313909306399e+02 -4.708603846123457970e+02
3.600000000000000000e+01 -4.072747313909320610e+02 4.708603846123451149e+02
3.600000000000000000e+01 -4.220506797217750545e+02 -8.210127771073554379e-13
3.600000000000000000e+01 -4.306647163924761799e+02 4.310486000612087309e+02
3.600000000000000000e+01 -4.306647163924761799e+02 -4.310486000612097541e+02
3.600000000000000000e+01 -4.315997608861308095e+02 -4.995173580836568590e+02
3.600000000000000000e+01 -4.315997608861309800e+02 4.995173580836563474e+02
3.600000000000000000e+01 -4.474196938868385587e+02 -5.030355086347157680e+02
3.600000000000000000e+01 -4.474196938868388429e+02 5.030355086347167344e+02
3.600000000000000000e+01 -4.973838021968504677e+02 4.678499777109575900e-13
3.600000000000000000e+01 -6.913505467698865914e+02 -2.116231197758691280e+02
3.600000000000000000e+01 -6.913505467698886378e+02 2.116231197758678775e+02
3.600000000000000000e+01 -7.621068517825251547e+02 3.659978484065865700e+02
3.600000000000000000e+01 -7.621068517825259505e+02 -3.659978484065878774e+02
3.600000000000000000e+01 -1.075036799192635726e+03 2.778566208492873144e-12
4.000000000000000000e+01 1.598721155460224913e-13 3.622581746728376681e-14
4.000000000000000000e+01 0.000000000000000000e+00 0.000000000000000000e+00
4.000000000000000000e+01 0.000000000000000000e+00 0.000000000000000000e+00
4.000000000000000000e+01 0.000000000000000000e+00 0.000000000000000000e+00
4.000000000000000000e+01 0.000000000000000000e+00 0.000000000000000000e+00
4.000000000000000000e+01 0.000000000000000000e+00 0.000000000000000000e+00
4.000000000000000000e+01 0.000000000000000000e+00 0.000000000000000000e+00
4.000000000000000000e+01 0.000000000000000000e+00 0.000000000000000000e+00
4.000000000000000000e+01 0.000000000000000000e+00 0.000000000000000000e+00
4.000000000000000000e+01 0.000000000000000000e+00 0.000000000000000000e+00
4.000000000000000000e+01 -7.046198886850250616e-04 2.282482514012712238e-01
4.000000000000000000e+01 -7.046199133587279211e-04 -2.282482514012472707e-01
4.000000000000000000e+01 -1.156190291471745259e-03 -2.859140653863503356e-01
4.000000000000000000e+01 -1.156190291525264298e-03 2.859140653861590442e-01
4.000000000000000000e+01 -3.722651718765991168e-03 6.141160672301744938e+01
4.000000000000000000e+01 -3.722651719109804688e-03 -6.141160672301793255e+01
4.000000000000000000e+01 -6.013458994600189705e-03 -4.969879913815042727e+01
4.000000000000000000e+01 -6.013458994676995455e-03 4.969879913815032069e+01
4.000000000000000000e+01 -7.682363229777494987e-03 8.377186633786280368e+01
4.000000000000000000e+01 -7.682363231122897075e-03 -8.377186633786293157e+01
4.000000000000000000e+01 -8.818295269091247848e-03 9.320701328763222193e+01
4.000000000000000000e+01 -8.818295269202212905e-03 -9.320701328763257720e+01
4.000000000000000000e+01 -9.101160255821465206e-03 -5.107797968281664937e-14
4.000000000000000000e+01 -1.902774217704982646e-02 3.865885119785887980e+01
4.000000000000000000e+01 -1.902774217724808800e-02 -3.865885119785916402e+01
4.000000000000000000e+01 -1.190343225466247823e+00 1.605656111329652092e+01
4.000000000000000000e+01 -1.190343225466794275e+00 -1.605656111329637525e+01
4.000000000000000000e+01 -1.378970040597875313e+00 9.384537561367207559e+01
4.000000000000000000e+01 -1.378970040598093361e+00 -9.384537561367217506e+01
4.000000000000000000e+01 -1.574952815324149658e+00 -7.585271926101999895e+01
4.000000000000000000e+01 -1.574952815325744160e+00 7.585271926102005580e+01
4.000000000000000000e+01 -1.883234325412391108e+00 -5.478020921189761339e+01
4.000000000000000000e+01 -1.883234325412396659e+00 5.478020921189735759e+01
4.000000000000000000e+01 -2.027149540178032616e+00 -4.099385184270778382e+01
4.000000000000000000e+01 -2.027149540178079690e+00 4.099385184270767013e+01
4.000000000000000000e+01 -3.169467152636381790e+00 -2.172881181046599153e+01
4.000000000000000000e+01 -3.169467152636453289e+00 2.172881181046580679e+01
4.000000000000000000e+01 -8.164342277139489568e+00 -1.072171611883618603e+01
4.000000000000000000e+01 -8.164342277140127280e+00 1.072171611883608122e+01
4.000000000000000000e+01 -1.273241101689514565e+01 -8.561837766820656174e-14
4.000000000000000000e+01 -1.787088252098611818e+01 -5.668325172699821811e-14
4.000000000000000000e+01 -1.869361504323343581e+01 -8.598278868992020325e-15
4.000000000000000000e+01 -2.607757271010135014e+01 -2.882683119810063559e-14
4.000000000000000000e+01 -3.182959532499763711e+01 -5.767343071612500907e-15
4.000000000000000000e+01 -3.721492744328341473e+01 -1.027170065095244755e-13
4.000000000000000000e+01 -3.818258698124430595e+01 -4.491403364637054096e+01
4.000000000000000000e+01 -3.818258698124525097e+01 4.491403364637044859e+01
4.000000000000000000e+01 -4.128945419237000181e+01 4.280407947737713670e+01
4.000000000000000000e+01 -4.128945419237012260e+01 -4.280407947737732144e+01
4.000000000000000000e+01 -4.236799178331386884e+01 -3.521967853250688624e-14
4.000000000000000000e+01 -4.758768970156404521e+01 4.091865874116292190e+01
4.000000000000000000e+01 -4.758768970156453548e+01 -4.091865874116293611e+01
4.000000000000000000e+01 -4.791486884273275848e+01 -6.189528550086043902e-13
4.000000000000000000e+01 -5.039322230161688765e+01 9.289907253663956005e-14
4.000000000000000000e+01 -5.280664208941674076e+01 5.286150364005569947e-13
4.000000000000000000e+01 -5.376436488839555494e+01 3.434689741327539281e+01
4.000000000000000000e+01 -5.376436488839568995e+01 -3.434689741327541412e+01
4.000000000000000000e+01 -5.697301421768380436e+01 -6.483594141597030278e-14
4.000000000000000000e+01 -5.987069970879795733e+01 1.806047504700153183e+01
4.000000000000000000e+01 -5.987069970879803549e+01 -1.806047504700130446e+01
4.000000000000000000e+01 -6.280960729178174518e+01 4.705728888055319636e+00
4.000000000000000000e+01 -6.280960729178182333e+01 -4.705728888055283221e+00
4.000000000000000000e+01 -7.855519711509967351e+01 -2.723886840271973853e+01
4.000000000000000000e+01 -7.855519711510021352e+01 2.723886840272009735e+01
4.000000000000000000e+01 -8.138235376610555249e+01 2.302458309234702227e+01
4.000000000000000000e+01 -8.138235376610657568e+01 -2.302458309234750544e+01
4.000000000000000000e+01 -8.577228299203044060e+01 7.298023446703106737e-14
4.000000000000000000e+01 -1.056993172508921646e+02 3.382004060899335229e+01
4.000000000000000000e+01 -1.056993172508927756e+02 -3.382004060899357256e+01
4.000000000000000000e+01 -1.063850296229183670e+02 -2.296409337296137565e+01
4.000000000000000000e+01 -1.063850296229184949e+02 2.296409337296181619e+01
4.000000000000000000e+01 -1.087825397518943618e+02 9.710880929416633833e+00
4.000000000000000000e+01 -1.087825397518945749e+02 -9.710880929416475738e+00
4.000000000000000000e+01 -1.183515962729644286e+02 -2.163628286661480971e+01
4.000000000000000000e+01 -1.183515962729654092e+02 2.163628286661484168e+01
4.000000000000000000e+01 -1.185316383859123306e+02 -1.850791659194064565e+01
4.000000000000000000e+01 -1.185316383859126717e+02 1.850791659194028682e+01
4.000000000000000000e+01 -1.199170228824698654e+02 -3.353946726756783254e-14
4.000000000000000000e+01 -1.266286730367097420e+02 3.676388895324294157e-13
4.000000000000000000e+01 -1.555231977189113195e+02 -9.179371600989798856e-14
4.000000000000000000e+01 -1.656876677761773351e+02 1.062615819941936798e-13
4.000000000000000000e+01 -1.928513186041868721e+02 -3.569552270069830553e-13
4.000000000000000000e+01 -2.506217289325933280e+02 -1.199179265403933382e-13
4.000000000000000000e+01 -2.877475601765233932e+02 -4.026120353729996705e-13
4.000000000000000000e+01 -3.210253036857914140e+02 -7.539822368615502910e+02
4.000000000000000000e+01 -3.494000385341968808e+02 7.539822368615502910e+02
4.000000000000000000e+01 -3.558145298365556073e+02 4.843999385398752793e+02
4.000000000000000000e+01 -3.558145298365561189e+02 -4.843999385398749382e+02
4.000000000000000000e+01 -3.605897156178100431e+02 4.842835109922994548e+02
4.000000000000000000e+01 -3.605897156178101568e+02 -4.842835109922987158e+02
4.000000000000000000e+01 -3.787221749811059794e+02 -5.068897418935582095e+02
4.000000000000000000e+01 -3.787221749811066616e+02 5.068897418935578116e+02
4.000000000000000000e+01 -3.809467793398708864e+02 5.091310762628448288e+02
4.000000000000000000e+01 -3.809467793398719095e+02 -5.091310762628448288e+02
4.000000000000000000e+01 -3.899948865551621680e+02 7.539822368615501773e+02
4.000000000000000000e+01 -3.923584705344140957e+02 -5.772799820105675508e+02
4.000000000000000000e+01 -3.923584705344143231e+02 5.772799820105675508e+02
4.000000000000000000e+01 -4.026350465202674513e+02 -4.713322636563157744e+02
4.000000000000000000e+01 -4.026350465202680766e+02 4.713322636563153765e+02
4.000000000000000000e+01 -4.058294210918435283e+02 5.782255206669059362e+02
4.000000000000000000e+01 -4.058294210918438125e+02 -5.782255206669058225e+02
4.000000000000000000e+01 -4.159963011150422290e+02 -4.736570017862338773e+02
4.000000000000000000e+01 -4.159963011150440479e+02 4.736570017862332520e+02
4.000000000000000000e+01 -4.184672809083882612e+02 3.198417450543878715e+00
4.000000000000000000e+01 -4.184672809083885454e+02 -3.198417450543405760e+00
4.000000000000000000e+01 -4.199778385315736386e+02 4.283569723672819818e-14
4.000000000000000000e+01 -4.361783217857887394e+02 -3.207434688344791397e-13
4.000000000000000000e+01 -4.417934432339694695e+02 1.746593674203706519e-13
4.000000000000000000e+01 -4.435199840848563895e+02 6.076171947465340963e+02
4.000000000000000000e+01 -4.435199840848588337e+02 -6.076171947465338690e+02
4.000000000000000000e+01 -4.439972511831924180e+02 7.539822368615501773e+02
4.000000000000000000e+01 -4.644120727025561450e+02 4.804680398806490302e+02
4.000000000000000000e+01 -4.644120727025568840e+02 -4.804680398806495987e+02
4.000000000000000000e+01 -4.681197441468083866e+02 5.678990245893457995e+02
4.000000000000000000e+01 -4.681197441468094098e+02 -5.678990245893452311e+02
4.000000000000000000e+01 -4.698737748654914412e+02 -5.206992292820400507e+02
4.000000000000000000e+01 -4.698737748654917254e+02 5.206992292820401644e+02
4.000000000000000000e+01 -4.711442280394283557e+02 -2.490464956870106474e-13
4.000000000000000000e+01 -5.678098049053232899e+02 -3.879668903688670591e-14
4.000000000000000000e+01 -6.312054911984234877e+02 -5.619847259881690889e+02
4.000000000000000000e+01 -6.312054911984248520e+02 5.619847259881688615e+02
4.000000000000000000e+01 -8.147848565154145035e+02 7.539822368615491541e+02
4.000000000000000000e+01 -8.533800846199220587e+02 5.484827241379466961e-13
4.000000000000000000e+01 -9.194570418659185407e+02 4.096889435992508766e+02
4.000000000000000000e+01 -9.194570418659187681e+02 -4.096889435992501944e+02
4.400000000000000000e+01 0.000000000000000000e+00 0.000000000000000000e+00
4.400000000000000000e+01 0.000000000000000000e+00 0.000000000000000000e+00
4.400000000000000000e+01 0.000000000000000000e+00 0.000000000000000000e+00
4.400000000000000000e+01 0.000000000000000000e+00 0.000000000000000000e+00
4.400000000000000000e+01 0.000000000000000000e+00 0.000000000000000000e+00
4.400000000000000000e+01 0.000000000000000000e+00 0.000000000000000000e+00
4.400000000000000000e+01 0.000000000000000000e+00 0.000000000000000000e+00
4.400000000000000000e+01 0.000000000000000000e+00 0.000000000000000000e+00
4.400000000000000000e+01 0.000000000000000000e+00 0.000000000000000000e+00
4.400000000000000000e+01 -7.034373084025000928e-13 7.347121510644480299e-21
4.400000000000000000e+01 -5.408575696936047386e-04 -2.624148806692679359e-01
4.400000000000000000e+01 -5.408575699866959192e-04 2.624148806692764846e-01
4.400000000000000000e+01 -6.186002569350975127e-04 -2.076800818286824446e-01
4.400000000000000000e+01 -6.186002764553950005e-04 2.076800818288599138e-01
4.400000000000000000e+01 -3.424174691099564610e-03 6.146951466291947952e+01
4.400000000000000000e+01 -3.424174691289278739e-03 -6.146951466291944399e+01
4.400000000000000000e+01 -5.615216986967075906e-03 4.972802028138216457e+01
4.400000000000000000e+01 -5.615216987183602355e-03 -4.972802028138291064e+01
4.400000000000000000e+01 -7.116028902049532229e-03 -8.391909019518823243e+01
4.400000000000000000e+01 -7.116028903023293231e-03 8.391909019518836033e+01
4.400000000000000000e+01 -7.178944669398893558e-03 -6.686506544378030406e-21
4.400000000000000000e+01 -8.104239896512880487e-03 9.340942975569760165e+01
4.400000000000000000e+01 -8.104239896709558230e-03 -9.340942975569782902e+01
4.400000000000000000e+01 -1.861693495932038520e-02 3.867672226830806181e+01
4.400000000000000000e+01 -1.861693495940546644e-02 -3.867672226830848103e+01
4.400000000000000000e+01 -1.347917376216040686e-01 1.540381853181316352e+01
4.400000000000000000e+01 -1.347917376219191221e-01 -1.540381853181330207e+01
4.400000000000000000e+01 -1.530330807138172489e+00 9.413238826867430475e+01
4.400000000000000000e+01 -1.530330807139926641e+00 -9.413238826867483056e+01
4.400000000000000000e+01 -1.786128352441551881e+00 -7.603033062078870330e+01
4.400000000000000000e+01 -1.786128352441855638e+00 7.603033062078873172e+01
4.400000000000000000e+01 -2.151346289404576950e+00 5.493985366454317898e+01
4.400000000000000000e+01 -2.151346289404812762e+00 -5.493985366454364083e+01
4.400000000000000000e+01 -2.349461705851442428e+00 -4.082970850758668746e+01
4.400000000000000000e+01 -2.349461705852625037e+00 4.082970850758716352e+01
4.400000000000000000e+01 -3.599083177499337260e+00 2.180890409265271757e+01
4.400000000000000000e+01 -3.599083177499822206e+00 -2.180890409265299112e+01
4.400000000000000000e+01 -1.047669057691001804e+01 1.190519631909785048e+01
4.400000000000000000e+01 -1.047669057691050121e+01 -1.190519631909796239e+01
4.400000000000000000e+01 -1.391847703789579427e+01 -2.131049827006154672e-14
4.400000000000000000e+01 -1.894403024695003879e+01 1.349730746415484582e-13
4.400000000000000000e+01 -2.065597845724188986e+01 -5.507967167679889671e-14
4.400000000000000000e+01 -2.872009891289375361e+01 -1.176091210343450259e-13
4.400000000000000000e+01 -3.483140439139969402e+01 8.005095871682195204e-15
4.400000000000000000e+01 -4.077362976153857232e+01 -4.029758183879305782e-14
4.400000000000000000e+01 -4.204850394780674350e+01 -4.870557230292646977e+01
4.400000000000000000e+01 -4.204850394780702061e+01 4.870557230292668294e+01
4.400000000000000000e+01 -4.576853747248975424e+01 -4.701041198285088996e+01
4.400000000000000000e+01 -4.576853747249009530e+01 4.701041198285059863e+01
4.400000000000000000e+01 -4.624281277508560350e+01 -8.316417208227014193e-14
4.400000000000000000e+01 -5.237962694347765336e+01 3.103442696893784400e-14
4.400000000000000000e+01 -5.506216625762942840e+01 -4.349156138298495478e+01
4.400000000000000000e+01 -5.506216625763042316e+01 4.349156138298473451e+01
4.400000000000000000e+01 -5.550850940034954561e+01 -4.154031525252382846e-21
4.400000000000000000e+01 -5.640547904245730848e+01 7.410878258486667928e-14
4.400000000000000000e+01 -5.940494029555575395e+01 3.616569321641680546e+01
4.400000000000000000e+01 -5.940494029555623001e+01 -3.616569321641686940e+01
4.400000000000000000e+01 -6.502388281673185588e+01 1.893462842334660579e+01
4.400000000000000000e+01 -6.502388281673196957e+01 -1.893462842334704277e+01
4.400000000000000000e+01 -6.728117105208887949e+01 -6.367948893205642946e+00
4.400000000000000000e+01 -6.728117105208900739e+01 6.367948893205624294e+00
4.400000000000000000e+01 -6.728911322999650224e+01 8.016685152284873407e-14
4.400000000000000000e+01 -8.815262888468305391e+01 -2.815049388388305118e+01
4.400000000000000000e+01 -8.815262888468411973e+01 2.815049388388281670e+01
4.400000000000000000e+01 -9.245034073163232335e+01 -2.581832132676876768e+01
4.400000000000000000e+01 -9.245034073163256494e+01 2.581832132676877478e+01
4.400000000000000000e+01 -1.117751771863576664e+02 2.115946829862188849e+01
4.400000000000000000e+01 -1.117751771863584764e+02 -2.115946829862171796e+01
4.400000000000000000e+01 -1.155301150044400202e+02 -2.165747518040387831e+01
4.400000000000000000e+01 -1.155301150044403045e+02 2.165747518040365094e+01
4.400000000000000000e+01 -1.232311543019680613e+02 3.156006302219155302e+01
4.400000000000000000e+01 -1.232311543019686724e+02 -3.156006302219208948e+01
4.400000000000000000e+01 -1.242025072311766536e+02 -1.011461052307744712e-13
4.400000000000000000e+01 -1.334894226064008365e+02 2.155970086124640872e+01
4.400000000000000000e+01 -1.334894226064010923e+02 -2.155970086124640872e+01
4.400000000000000000e+01 -1.340349894447859640e+02 1.888241446443061378e+01
4.400000000000000000e+01 -1.340349894447861061e+02 -1.888241446443038996e+01
4.400000000000000000e+01 -1.451074064098802125e+02 -2.896497356356336345e-13
4.400000000000000000e+01 -1.555890027828649522e+02 2.812094375284015157e-13
4.400000000000000000e+01 -1.768492523667516707e+02 -1.176711847256554574e-13
4.400000000000000000e+01 -1.926329186998680143e+02 -2.517917990770690002e-13
4.400000000000000000e+01 -2.211861030036782267e+02 -9.107590323383613207e-14
4.400000000000000000e+01 -2.545368349047101333e+02 3.399538872762983363e-13
4.400000000000000000e+01 -2.955564504726588098e+02 -5.269777839303563425e-14
4.400000000000000000e+01 -3.452840869327152973e+02 8.293804605477051837e+02
4.400000000000000000e+01 -3.914902913395364976e+02 -5.323780866211352532e+02
4.400000000000000000e+01 -3.914902913395368387e+02 5.323780866211366174e+02
4.400000000000000000e+01 -3.976968714691478226e+02 5.342402605471482957e+02
4.400000000000000000e+01 -3.976968714691485616e+02 -5.342402605471495463e+02
4.400000000000000000e+01 -4.059935072775530216e+02 6.294274349311143624e+02
4.400000000000000000e+01 -4.059935072775533627e+02 -6.294274349311143624e+02
4.400000000000000000e+01 -4.133843555754140198e+02 -8.293804605477052974e+02
4.400000000000000000e+01 -4.162995620077180092e+02 -5.567851980761342929e+02
4.400000000000000000e+01 -4.162995620077189187e+02 5.567851980761332698e+02
4.400000000000000000e+01 -4.166250508368986516e+02 -5.532449712126008308e+02
4.400000000000000000e+01 -4.166250508368991063e+02 5.532449712126007171e+02
4.400000000000000000e+01 -4.346320455871980357e+02 5.303885584221234240e+02
4.400000000000000000e+01 -4.346320455871991726e+02 -5.303885584221234240e+02
4.400000000000000000e+01 -4.607761829252669941e+02 5.870095813422663511e+00
4.400000000000000000e+01 -4.607761829252671646e+02 -5.870095813422682163e+00
4.400000000000000000e+01 -4.613714452191173905e+02 -9.270432569413072280e-14
4.400000000000000000e+01 -4.635304099438119465e+02 8.293804605477054110e+02
4.400000000000000000e+01 -4.642512854806683436e+02 -5.092767089289803835e+02
4.400000000000000000e+01 -4.642512854806694804e+02 5.092767089289802129e+02
4.400000000000000000e+01 -4.715317821746949676e+02 -8.293804605477051837e+02
4.400000000000000000e+01 -4.717560539682500576e+02 -5.912720189154611035e+02
4.400000000000000000e+01 -4.717560539682501144e+02 5.912720189154624677e+02
4.400000000000000000e+01 -4.768940200297690808e+02 8.786606859836788130e-14
4.400000000000000000e+01 -4.890019241526181304e+02 -6.548482333854162493e-14
4.400000000000000000e+01 -5.100868427535461365e+02 5.661612761568587757e+02
4.400000000000000000e+01 -5.100868427535466481e+02 -5.661612761568588894e+02
4.400000000000000000e+01 -5.109174835328050790e+02 6.648728409823489756e+02
4.400000000000000000e+01 -5.109174835328063864e+02 -6.648728409823489756e+02
4.400000000000000000e+01 -5.184349882507027587e+02 5.505355932281825221e-14
4.400000000000000000e+01 -5.194232610465361404e+02 -6.758497758927279619e+02
4.400000000000000000e+01 -5.194232610465364814e+02 6.758497758927276209e+02
4.400000000000000000e+01 -5.416077537984355104e+02 -5.915873700887847235e+02
4.400000000000000000e+01 -5.416077537984359651e+02 5.915873700887846098e+02
4.400000000000000000e+01 -6.371159840035976458e+02 5.458844669593327963e-14
4.400000000000000000e+01 -6.776144271092579174e+02 -5.683241635625498702e+02
4.400000000000000000e+01 -6.776144271092595091e+02 5.683241635625510071e+02
4.400000000000000000e+01 -8.212871178579728166e+02 8.293804605477033647e+02
4.400000000000000000e+01 -8.628945809831809584e+02 -8.293804605477048426e+02
4.400000000000000000e+01 -8.775766807078153988e+02 -3.613336615482138270e-13
4.400000000000000000e+01 -8.925014452746631832e+02 -8.293804605477014320e+02
3.000000000000000000e+01 7.993605777301109925e-13 -4.718910440848812042e-14
3.000000000000000000e+01 0.000000000000000000e+00 0.000000000000000000e+00
3.000000000000000000e+01 0.000000000000000000e+00 0.000000000000000000e+00
3.000000000000000000e+01 0.000000000000000000e+00 0.000000000000000000e+00
3.000000000000000000e+01 0.000000000000000000e+00 0.000000000000000000e+00
3.000000000000000000e+01 0.000000000000000000e+00 0.000000000000000000e+00
3.000000000000000000e+01 0.000000000000000000e+00 0.000000000000000000e+00
3.000000000000000000e+01 0.000000000000000000e+00 0.000000000000000000e+00
3.000000000000000000e+01 0.000000000000000000e+00 0.000000000000000000e+00
3.000000000000000000e+01 0.000000000000000000e+00 0.000000000000000000e+00
3.000000000000000000e+01 -1.065511804811601800e-03 3.028723869660418511e-01
3.000000000000000000e+01 -1.065511809427509716e-03 -3.028723869662993673e-01
3.000000000000000000e+01 -4.806584983991702385e-03 6.115446843472628302e+01
3.000000000000000000e+01 -4.806584984917326546e-03 -6.115446843472630434e+01
3.000000000000000000e+01 -5.069299069906548633e-03 -3.736846530084922402e-01
3.000000000000000000e+01 -5.069299069966695832e-03 3.736846530083989260e-01
3.000000000000000000e+01 -6.941041129653715072e-03 4.956527664796961119e+01
3.000000000000000000e+01 -6.941041130202434128e-03 -4.956527664796951171e+01
3.000000000000000000e+01 -9.657887054203713115e-03 8.312350444800479465e+01
3.000000000000000000e+01 -9.657887055356445538e-03 -8.312350444800466676e+01
3.000000000000000000e+01 -1.130895405705704439e-02 -9.231875170377867335e+01
3.000000000000000000e+01 -1.130895405766671122e-02 9.231875170377863071e+01
3.000000000000000000e+01 -1.631080754084385590e-02 -3.858638595819603268e+01
3.000000000000000000e+01 -1.631080754159258336e-02 3.858638595819597583e+01
3.000000000000000000e+01 -1.924683627867647753e-02 5.733374244531316932e-14
3.000000000000000000e+01 -1.090643551564375979e+00 -9.274918165457953023e+01
3.000000000000000000e+01 -1.090643551564949298e+00 9.274918165457941654e+01
3.000000000000000000e+01 -1.131626399164364694e+00 7.517778694577472720e+01
3.000000000000000000e+01 -1.131626399164375130e+00 -7.517778694577495457e+01
3.000000000000000000e+01 -1.274568735863895741e+00 5.428175130074321686e+01
3.000000000000000000e+01 -1.274568735864159086e+00 -5.428175130074317423e+01
3.000000000000000000e+01 -1.318547917414700565e+00 -4.124058237227897195e+01
3.000000000000000000e+01 -1.318547917414761628e+00 4.124058237227889379e+01
3.000000000000000000e+01 -1.723239811669261989e+00 -1.855479124718486972e+01
3.000000000000000000e+01 -1.723239811669818433e+00 1.855479124718478801e+01
3.000000000000000000e+01 -2.134930203299777229e+00 2.147942767947609610e+01
3.000000000000000000e+01 -2.134930203299787443e+00 -2.147942767947600728e+01
3.000000000000000000e+01 -4.793224585465653220e+00 6.801977618337110343e+00
3.000000000000000000e+01 -4.793224585465871712e+00 -6.801977618337310183e+00
3.000000000000000000e+01 -9.639339614800668699e+00 -8.235691296300348341e-16
3.000000000000000000e+01 -1.389304892285335846e+01 -2.378208979912042631e-14
3.000000000000000000e+01 -1.442290477649723712e+01 3.381763130263791478e-14
3.000000000000000000e+01 -1.951850665184332101e+01 -5.992676719186691174e-14
3.000000000000000000e+01 -2.427821729682167629e+01 6.272557147081936013e-14
3.000000000000000000e+01 -2.771281769350199653e+01 3.529351655156747825e+01
3.000000000000000000e+01 -2.771281769350312985e+01 -3.529351655156727929e+01
3.000000000000000000e+01 -2.815835985733500735e+01 8.121772404981349865e-14
3.000000000000000000e+01 -2.957255250381225409e+01 -3.269296192193665007e+01
3.000000000000000000e+01 -2.957255250381252409e+01 3.269296192193684902e+01
3.000000000000000000e+01 -3.193861777234400989e+01 -3.133494547928683716e+01
3.000000000000000000e+01 -3.193861777234414490e+01 3.133494547928704321e+01
3.000000000000000000e+01 -3.406997259286047353e+01 -1.207758347629460882e+00
3.000000000000000000e+01 -3.406997259286150381e+01 1.207758347629458218e+00
3.000000000000000000e+01 -3.587551343382017421e+01 2.915839689759436126e+01
3.000000000000000000e+01 -3.587551343382023816e+01 -2.915839689759413744e+01
3.000000000000000000e+01 -3.656973450616681021e+01 -8.782236020170118430e-14
3.000000000000000000e+01 -4.265581931555200867e+01 -2.993766151905233319e-01
3.000000000000000000e+01 -4.265581931555900042e+01 2.993766151909349471e-01
3.000000000000000000e+01 -4.299024246973959862e+01 8.927310498064209545e-14
3.000000000000000000e+01 -4.330720992228249600e+01 2.496814040648968458e+01
3.000000000000000000e+01 -4.330720992228254573e+01 -2.496814040649002564e+01
3.000000000000000000e+01 -4.671282298036939551e+01 -1.516589939959419731e+01
3.000000000000000000e+01 -4.671282298036944525e+01 1.516589939959423461e+01
3.000000000000000000e+01 -4.762013392960421498e+01 -9.426317927919159345e+00
3.000000000000000000e+01 -4.762013392960439262e+01 9.426317927919141582e+00
3.000000000000000000e+01 -5.478570637786555153e+01 -8.334522816761936070e+00
3.000000000000000000e+01 -5.478570637786603470e+01 8.334522816762303776e+00
3.000000000000000000e+01 -6.577037511549517035e+01 2.668081401218200455e+01
3.000000000000000000e+01 -6.577037511549568194e+01 -2.668081401218223903e+01
3.000000000000000000e+01 -7.687182826321340201e+01 2.296798590139709617e+01
3.000000000000000000e+01 -7.687182826321365781e+01 -2.296798590139684038e+01
3.000000000000000000e+01 -7.714394260614353982e+01 -2.074326256608024011e+01
3.000000000000000000e+01 -7.714394260614359666e+01 2.074326256607989549e+01
3.000000000000000000e+01 -7.722707075505395835e+01 -9.021310530984749028e-14
3.000000000000000000e+01 -7.943370821541533644e+01 -4.628730680331353042e+00
3.000000000000000000e+01 -7.943370821541590487e+01 4.628730680331000436e+00
3.000000000000000000e+01 -8.563680787052433629e+01 3.378262557288427867e-14
3.000000000000000000e+01 -8.570964926738059830e+01 -7.238706407946816235e-14
3.000000000000000000e+01 -8.619468803405951007e+01 8.289472346482837040e+00
3.000000000000000000e+01 -8.619468803405973745e+01 -8.289472346482691378e+00
3.000000000000000000e+01 -1.306627602311248211e+02 -8.833582530174871803e-14
3.000000000000000000e+01 -1.447621499732628365e+02 -7.223248756148835854e-14
3.000000000000000000e+01 -2.169982732123866072e+02 5.012071768186168583e+02
3.000000000000000000e+01 -2.169982732123866356e+02 -5.012071768186168583e+02
3.000000000000000000e+01 -2.336547754607485103e+02 5.245140033789923564e+02
3.000000000000000000e+01 -2.336547754607485388e+02 -5.245140033789922427e+02
3.000000000000000000e+01 -2.510668124325448218e+02 -1.392836025824846016e-13
3.000000000000000000e+01 -2.608156605036886617e+02 5.654866776461628888e+02
3.000000000000000000e+01 -2.645301940969226848e+02 -3.617801193583457575e+02
3.000000000000000000e+01 -2.645301940969235375e+02 3.617801193583450754e+02
3.000000000000000000e+01 -2.646705886005536854e+02 6.227318263776515453e-14
3.000000000000000000e+01 -2.680380459833092459e+02 -3.610185815246830430e+02
3.000000000000000000e+01 -2.680380459833093028e+02 3.610185815246832135e+02
3.000000000000000000e+01 -2.896590433151959019e+02 3.637598488404133832e+02
3.000000000000000000e+01 -2.896590433151960724e+02 -3.637598488404133832e+02
3.000000000000000000e+01 -2.959377102717812704e+02 4.055798801934961944e+02
3.000000000000000000e+01 -2.959377102717816683e+02 -4.055798801934961944e+02
3.000000000000000000e+01 -2.976328187228880324e+02 3.671797774493470570e+02
3.000000000000000000e+01 -2.976328187228884303e+02 -3.671797774493468296e+02
3.000000000000000000e+01 -3.080578071767188248e+02 -3.623203443224870739e+02
3.000000000000000000e+01 -3.080578071767193364e+02 3.623203443224874718e+02
3.000000000000000000e+01 -3.109723866430625776e+02 3.610885519585814905e+02
3.000000000000000000e+01 -3.109723866430628050e+02 -3.610885519585818884e+02
3.000000000000000000e+01 -3.153594425956850387e+02 2.104765240528993185e-13
3.000000000000000000e+01 -3.191346783514596268e+02 -3.156379397994317850e-14
3.000000000000000000e+01 -3.211912588615418258e+02 6.561921558396411669e+00
3.000000000000000000e+01 -3.211912588615419395e+02 -6.561921558396510257e+00
3.000000000000000000e+01 -3.318572590106879261e+02 -1.771209944024954301e-13
3.000000000000000000e+01 -3.378134098370338734e+02 4.127489149647358886e+02
3.000000000000000000e+01 -3.378134098370339871e+02 -4.127489149647357181e+02
3.000000000000000000e+01 -3.468245161883706373e+02 -1.525318964004414912e-13
3.000000000000000000e+01 -3.518197890379845489e+02 -2.887901897327811866e+02
3.000000000000000000e+01 -3.518197890379846626e+02 2.887901897327811866e+02
3.000000000000000000e+01 -3.866265020930655965e+02 -4.113449578090794034e+02
3.000000000000000000e+01 -3.866265020930660512e+02 4.113449578090784371e+02
3.000000000000000000e+01 -3.914567430236364203e+02 -1.174782788113451978e-13
3.000000000000000000e+01 -3.956952497071042671e+02 -5.654866776461626614e+02
3.000000000000000000e+01 -4.014062710384313846e+02 -3.859011769025491390e+02
3.000000000000000000e+01 -4.014062710384321804e+02 3.859011769025494232e+02
3.000000000000000000e+01 -5.218665163047577380e+02 -1.919011744617941417e+02
3.000000000000000000e+01 -5.218665163047579654e+02 1.919011744617947386e+02
3.000000000000000000e+01 -5.377480270572351628e+02 -2.283778353762086226e+02
3.000000000000000000e+01 -5.377480270572356176e+02 2.283778353762086510e+02
3.000000000000000000e+01 -6.944980239291866155e+02 5.654866776461623203e+02
3.000000000000000000e+01 -7.059789802616099905e+02 5.654866776461623203e+02
